# Большой скрипт для заполнения базы и демонстрации команд
# Допускается запуск: execute_script script.txt
help
info
show
add
Item_1
1.10
1
1.5
2
author_2
151
2
3
1
0.1
1
-0.5
add
Item_2
2.20
2
2.5
3
author_3
152
3
1
2
0.2
2
-1.0
add
Item_3
3.30
3
3.5
1
author_4
153
1
2
3
0.3
3
-1.5
add
Item_4
4.40
4
4.5
2
author_5
154
2
3
1
0.4
4
-2.0
add
Item_5
5.50
5
5.5
3
author_6
155
3
1
2
0.5
5
-2.5
add
Item_6
6.60
6
6.5
1
author_7
156
1
2
3
0.6
6
-3.0
add
Item_7
7.70
7
7.5
2
author_8
157
2
3
1
0.7
7
-3.5
add
Item_8
8.80
8
8.5
3
author_9
158
3
1
2
0.8
8
-4.0
add
Item_9
9.90
9
9.5
1
author_10
159
1
2
3
0.9
9
-4.5
add
Item_10
11.00
10
10.5
2
author_11
160
2
3
1
1.0
10
-5.0
add
Item_11
12.10
11
11.5
3
author_12
161
3
1
2
1.1
11
-5.5
add
Item_12
13.20
12
12.5
1
author_13
162
1
2
3
1.2
12
-6.0
add
Item_13
14.30
13
13.5
2
author_14
163
2
3
1
1.3
13
-6.5
add
Item_14
15.40
14
14.5
3
author_15
164
3
1
2
1.4
14
-7.0
add
Item_15
16.50
15
15.5
1
author_16
165
1
2
3
1.5
15
-7.5
add
Item_16
17.60
16
16.5
2
author_17
166
2
3
1
1.6
16
-8.0
add
Item_17
18.70
17
17.5
3
author_18
167
3
1
2
1.7
17
-8.5
add
Item_18
19.80
18
18.5
1
author_19
168
1
2
3
1.8
18
-9.0
add
Item_19
20.90
19
19.5
2
author_20
169
2
3
1
1.9
19
-9.5
add
Item_20
22.00
20
20.5
3
author_21
170
3
1
2
2.0
20
-10.0
add
Item_21
23.10
21
21.5
1
author_22
171
1
2
3
2.1
21
-10.5
add
Item_22
24.20
22
22.5
2
author_23
172
2
3
1
2.2
22
-11.0
add
Item_23
25.30
23
23.5
3
author_24
173
3
1
2
2.3
23
-11.5
add
Item_24
26.40
24
24.5
1
author_25
174
1
2
3
2.4
24
-12.0
add
Item_25
27.50
25
25.5
2
author_26
175
2
3
1
2.5
25
-12.5
add
Item_26
28.60
26
26.5
3
author_27
176
3
1
2
2.6
26
-13.0
add
Item_27
29.70
27
27.5
1
author_28
177
1
2
3
2.7
27
-13.5
add
Item_28
30.80
28
28.5
2
author_29
178
2
3
1
2.8
28
-14.0
add
Item_29
31.90
29
29.5
3
author_30
179
3
1
2
2.9
29
-14.5
add
Item_30
33.00
30
30.5
1
author_1
180
1
2
3
3.0
30
-15.0
add
Item_31
34.10
31
31.5
2
author_2
181
2
3
1
3.1
31
-15.5
add
Item_32
35.20
32
32.5
3
author_3
182
3
1
2
3.2
32
-16.0
add
Item_33
36.30
33
33.5
1
author_4
183
1
2
3
3.3
33
-16.5
add
Item_34
37.40
34
34.5
2
author_5
184
2
3
1
3.4
34
-17.0
add
Item_35
38.50
35
35.5
3
author_6
185
3
1
2
3.5
35
-17.5
add
Item_36
39.60
36
36.5
1
author_7
186
1
2
3
3.6
36
-18.0
add
Item_37
40.70
37
37.5
2
author_8
187
2
3
1
3.7
37
-18.5
add
Item_38
41.80
38
38.5
3
author_9
188
3
1
2
3.8
38
-19.0
add
Item_39
42.90
39
39.5
1
author_10
189
1
2
3
3.9
39
-19.5
add
Item_40
44.00
40
40.5
2
author_11
190
2
3
1
4.0
40
-20.0
add
Item_41
45.10
41
41.5
3
author_12
191
3
1
2
4.1
41
-20.5
add
Item_42
46.20
42
42.5
1
author_13
192
1
2
3
4.2
42
-21.0
add
Item_43
47.30
43
43.5
2
author_14
193
2
3
1
4.3
43
-21.5
add
Item_44
48.40
44
44.5
3
author_15
194
3
1
2
4.4
44
-22.0
add
Item_45
49.50
45
45.5
1
author_16
195
1
2
3
4.5
45
-22.5
add
Item_46
50.60
46
46.5
2
author_17
196
2
3
1
4.6
46
-23.0
add
Item_47
51.70
47
47.5
3
author_18
197
3
1
2
4.7
47
-23.5
add
Item_48
52.80
48
48.5
1
author_19
198
1
2
3
4.8
48
-24.0
add
Item_49
53.90
49
49.5
2
author_20
199
2
3
1
4.9
49
-24.5
add
Math_50
55.00
50
50.5
3
nn
150
3
1
2
5.0
50
-25.0
add
Item_51
56.10
51
51.5
1
author_22
151
1
2
3
5.1
51
-25.5
add
Item_52
57.20
52
52.5
2
author_23
152
2
3
1
5.2
52
-26.0
add
Item_53
58.30
53
53.5
3
author_24
153
3
1
2
5.3
53
-26.5
add
Item_54
59.40
54
54.5
1
author_25
154
1
2
3
5.4
54
-27.0
add
Item_55
60.50
55
55.5
2
author_26
155
2
3
1
5.5
55
-27.5
add
Item_56
61.60
56
56.5
3
author_27
156
3
1
2
5.6
56
-28.0
add
Item_57
62.70
57
57.5
1
author_28
157
1
2
3
5.7
57
-28.5
add
Item_58
63.80
58
58.5
2
author_29
158
2
3
1
5.8
58
-29.0
add
Item_59
64.90
59
59.5
3
author_30
159
3
1
2
5.9
59
-29.5
add
Item_60
66.00
60
60.5
1
author_1
160
1
2
3
6.0
60
-30.0
add
Item_61
67.10
61
61.5
2
author_2
161
2
3
1
6.1
61
-30.5
add
Item_62
68.20
62
62.5
3
author_3
162
3
1
2
6.2
62
-31.0
add
Item_63
69.30
63
63.5
1
author_4
163
1
2
3
6.3
63
-31.5
add
Item_64
70.40
64
64.5
2
author_5
164
2
3
1
6.4
64
-32.0
add
Item_65
71.50
65
65.5
3
author_6
165
3
1
2
6.5
65
-32.5
add
Item_66
72.60
66
66.5
1
author_7
166
1
2
3
6.6
66
-33.0
add
Item_67
73.70
67
67.5
2
author_8
167
2
3
1
6.7
67
-33.5
add
Item_68
74.80
68
68.5
3
author_9
168
3
1
2
6.8
68
-34.0
add
Item_69
75.90
69
69.5
1
author_10
169
1
2
3
6.9
69
-34.5
add
Item_70
77.00
70
70.5
2
author_11
170
2
3
1
7.0
70
-35.0
add
Item_71
78.10
71
71.5
3
author_12
171
3
1
2
7.1
71
-35.5
add
Item_72
79.20
72
72.5
1
author_13
172
1
2
3
7.2
72
-36.0
add
Item_73
80.30
73
73.5
2
author_14
173
2
3
1
7.3
73
-36.5
add
Item_74
81.40
74
74.5
3
author_15
174
3
1
2
7.4
74
-37.0
add
Item_75
82.50
75
75.5
1
author_16
175
1
2
3
7.5
75
-37.5
add
Item_76
83.60
76
76.5
2
author_17
176
2
3
1
7.6
76
-38.0
add
Item_77
84.70
77
77.5
3
author_18
177
3
1
2
7.7
77
-38.5
add
Item_78
85.80
78
78.5
1
author_19
178
1
2
3
7.8
78
-39.0
add
Item_79
86.90
79
79.5
2
author_20
179
2
3
1
7.9
79
-39.5
add
Item_80
88.00
80
80.5
3
author_21
180
3
1
2
8.0
80
-40.0
add
Item_81
89.10
81
81.5
1
author_22
181
1
2
3
8.1
81
-40.5
add
Item_82
90.20
82
82.5
2
author_23
182
2
3
1
8.2
82
-41.0
add
Item_83
91.30
83
83.5
3
author_24
183
3
1
2
8.3
83
-41.5
add
Item_84
92.40
84
84.5
1
author_25
184
1
2
3
8.4
84
-42.0
add
Item_85
93.50
85
85.5
2
author_26
185
2
3
1
8.5
85
-42.5
add
Item_86
94.60
86
86.5
3
author_27
186
3
1
2
8.6
86
-43.0
add
Item_87
95.70
87
87.5
1
author_28
187
1
2
3
8.7
87
-43.5
add
Item_88
96.80
88
88.5
2
author_29
188
2
3
1
8.8
88
-44.0
add
Item_89
97.90
89
89.5
3
author_30
189
3
1
2
8.9
89
-44.5
add
Item_90
99.00
90
90.5
1
author_1
190
1
2
3
9.0
90
-45.0
add
Item_91
100.10
91
91.5
2
author_2
191
2
3
1
9.1
91
-45.5
add
Item_92
101.20
92
92.5
3
author_3
192
3
1
2
9.2
92
-46.0
add
Item_93
102.30
93
93.5
1
author_4
193
1
2
3
9.3
93
-46.5
add
Item_94
103.40
94
94.5
2
author_5
194
2
3
1
9.4
94
-47.0
add
Item_95
104.50
95
95.5
3
author_6
195
3
1
2
9.5
95
-47.5
add
Item_96
105.60
96
96.5
1
author_7
196
1
2
3
9.6
96
-48.0
add
Item_97
106.70
97
97.5
2
author_8
197
2
3
1
9.7
97
-48.5
add
Item_98
107.80
98
98.5
3
author_9
198
3
1
2
9.8
98
-49.0
add
Item_99
108.90
99
99.5
1
author_10
199
1
2
3
9.9
99
-49.5
add
Math_100
110.00
0
0.5
2
nn
150
2
3
1
10.0
0
-50.0
add
Item_101
111.10
1
1.5
3
author_12
151
3
1
2
10.1
1
-50.5
add
Item_102
112.20
2
2.5
1
author_13
152
1
2
3
10.2
2
-51.0
add
Item_103
113.30
3
3.5
2
author_14
153
2
3
1
10.3
3
-51.5
add
Item_104
114.40
4
4.5
3
author_15
154
3
1
2
10.4
4
-52.0
add
Item_105
115.50
5
5.5
1
author_16
155
1
2
3
10.5
5
-52.5
add
Item_106
116.60
6
6.5
2
author_17
156
2
3
1
10.6
6
-53.0
add
Item_107
117.70
7
7.5
3
author_18
157
3
1
2
10.7
7
-53.5
add
Item_108
118.80
8
8.5
1
author_19
158
1
2
3
10.8
8
-54.0
add
Item_109
119.90
9
9.5
2
author_20
159
2
3
1
10.9
9
-54.5
add
Item_110
121.00
10
10.5
3
author_21
160
3
1
2
11.0
10
-55.0
add
Item_111
122.10
11
11.5
1
author_22
161
1
2
3
11.1
11
-55.5
add
Item_112
123.20
12
12.5
2
author_23
162
2
3
1
11.2
12
-56.0
add
Item_113
124.30
13
13.5
3
author_24
163
3
1
2
11.3
13
-56.5
add
Item_114
125.40
14
14.5
1
author_25
164
1
2
3
11.4
14
-57.0
add
Item_115
126.50
15
15.5
2
author_26
165
2
3
1
11.5
15
-57.5
add
Item_116
127.60
16
16.5
3
author_27
166
3
1
2
11.6
16
-58.0
add
Item_117
128.70
17
17.5
1
author_28
167
1
2
3
11.7
17
-58.5
add
Item_118
129.80
18
18.5
2
author_29
168
2
3
1
11.8
18
-59.0
add
Item_119
130.90
19
19.5
3
author_30
169
3
1
2
11.9
19
-59.5
add
Item_120
132.00
20
20.5
1
author_1
170
1
2
3
12.0
20
-60.0
add
Item_121
133.10
21
21.5
2
author_2
171
2
3
1
12.1
21
-60.5
add
Item_122
134.20
22
22.5
3
author_3
172
3
1
2
12.2
22
-61.0
add
Item_123
135.30
23
23.5
1
author_4
173
1
2
3
12.3
23
-61.5
add
Item_124
136.40
24
24.5
2
author_5
174
2
3
1
12.4
24
-62.0
add
Item_125
137.50
25
25.5
3
author_6
175
3
1
2
12.5
25
-62.5
add
Item_126
138.60
26
26.5
1
author_7
176
1
2
3
12.6
26
-63.0
add
Item_127
139.70
27
27.5
2
author_8
177
2
3
1
12.7
27
-63.5
add
Item_128
140.80
28
28.5
3
author_9
178
3
1
2
12.8
28
-64.0
add
Item_129
141.90
29
29.5
1
author_10
179
1
2
3
12.9
29
-64.5
add
Item_130
143.00
30
30.5
2
author_11
180
2
3
1
13.0
30
-65.0
add
Item_131
144.10
31
31.5
3
author_12
181
3
1
2
13.1
31
-65.5
add
Item_132
145.20
32
32.5
1
author_13
182
1
2
3
13.2
32
-66.0
add
Item_133
146.30
33
33.5
2
author_14
183
2
3
1
13.3
33
-66.5
add
Item_134
147.40
34
34.5
3
author_15
184
3
1
2
13.4
34
-67.0
add
Item_135
148.50
35
35.5
1
author_16
185
1
2
3
13.5
35
-67.5
add
Item_136
149.60
36
36.5
2
author_17
186
2
3
1
13.6
36
-68.0
add
Item_137
150.70
37
37.5
3
author_18
187
3
1
2
13.7
37
-68.5
add
Item_138
151.80
38
38.5
1
author_19
188
1
2
3
13.8
38
-69.0
add
Item_139
152.90
39
39.5
2
author_20
189
2
3
1
13.9
39
-69.5
add
Item_140
154.00
40
40.5
3
author_21
190
3
1
2
14.0
40
-70.0
add
Item_141
155.10
41
41.5
1
author_22
191
1
2
3
14.1
41
-70.5
add
Item_142
156.20
42
42.5
2
author_23
192
2
3
1
14.2
42
-71.0
add
Item_143
157.30
43
43.5
3
author_24
193
3
1
2
14.3
43
-71.5
add
Item_144
158.40
44
44.5
1
author_25
194
1
2
3
14.4
44
-72.0
add
Item_145
159.50
45
45.5
2
author_26
195
2
3
1
14.5
45
-72.5
add
Item_146
160.60
46
46.5
3
author_27
196
3
1
2
14.6
46
-73.0
add
Item_147
161.70
47
47.5
1
author_28
197
1
2
3
14.7
47
-73.5
add
Item_148
162.80
48
48.5
2
author_29
198
2
3
1
14.8
48
-74.0
add
Item_149
163.90
49
49.5
3
author_30
199
3
1
2
14.9
49
-74.5
add
Math_150
165.00
50
50.5
1
nn
150
1
2
3
15.0
50
-75.0
add
Item_151
166.10
51
51.5
2
author_2
151
2
3
1
15.1
51
-75.5
add
Item_152
167.20
52
52.5
3
author_3
152
3
1
2
15.2
52
-76.0
add
Item_153
168.30
53
53.5
1
author_4
153
1
2
3
15.3
53
-76.5
add
Item_154
169.40
54
54.5
2
author_5
154
2
3
1
15.4
54
-77.0
add
Item_155
170.50
55
55.5
3
author_6
155
3
1
2
15.5
55
-77.5
add
Item_156
171.60
56
56.5
1
author_7
156
1
2
3
15.6
56
-78.0
add
Item_157
172.70
57
57.5
2
author_8
157
2
3
1
15.7
57
-78.5
add
Item_158
173.80
58
58.5
3
author_9
158
3
1
2
15.8
58
-79.0
add
Item_159
174.90
59
59.5
1
author_10
159
1
2
3
15.9
59
-79.5
add
Item_160
176.00
60
60.5
2
author_11
160
2
3
1
16.0
60
-80.0
add
Item_161
177.10
61
61.5
3
author_12
161
3
1
2
16.1
61
-80.5
add
Item_162
178.20
62
62.5
1
author_13
162
1
2
3
16.2
62
-81.0
add
Item_163
179.30
63
63.5
2
author_14
163
2
3
1
16.3
63
-81.5
add
Item_164
180.40
64
64.5
3
author_15
164
3
1
2
16.4
64
-82.0
add
Item_165
181.50
65
65.5
1
author_16
165
1
2
3
16.5
65
-82.5
add
Item_166
182.60
66
66.5
2
author_17
166
2
3
1
16.6
66
-83.0
add
Item_167
183.70
67
67.5
3
author_18
167
3
1
2
16.7
67
-83.5
add
Item_168
184.80
68
68.5
1
author_19
168
1
2
3
16.8
68
-84.0
add
Item_169
185.90
69
69.5
2
author_20
169
2
3
1
16.9
69
-84.5
add
Item_170
187.00
70
70.5
3
author_21
170
3
1
2
17.0
70
-85.0
add
Item_171
188.10
71
71.5
1
author_22
171
1
2
3
17.1
71
-85.5
add
Item_172
189.20
72
72.5
2
author_23
172
2
3
1
17.2
72
-86.0
add
Item_173
190.30
73
73.5
3
author_24
173
3
1
2
17.3
73
-86.5
add
Item_174
191.40
74
74.5
1
author_25
174
1
2
3
17.4
74
-87.0
add
Item_175
192.50
75
75.5
2
author_26
175
2
3
1
17.5
75
-87.5
add
Item_176
193.60
76
76.5
3
author_27
176
3
1
2
17.6
76
-88.0
add
Item_177
194.70
77
77.5
1
author_28
177
1
2
3
17.7
77
-88.5
add
Item_178
195.80
78
78.5
2
author_29
178
2
3
1
17.8
78
-89.0
add
Item_179
196.90
79
79.5
3
author_30
179
3
1
2
17.9
79
-89.5
add
Item_180
198.00
80
80.5
1
author_1
180
1
2
3
18.0
80
-90.0
add
Item_181
199.10
81
81.5
2
author_2
181
2
3
1
18.1
81
-90.5
add
Item_182
200.20
82
82.5
3
author_3
182
3
1
2
18.2
82
-91.0
add
Item_183
201.30
83
83.5
1
author_4
183
1
2
3
18.3
83
-91.5
add
Item_184
202.40
84
84.5
2
author_5
184
2
3
1
18.4
84
-92.0
add
Item_185
203.50
85
85.5
3
author_6
185
3
1
2
18.5
85
-92.5
add
Item_186
204.60
86
86.5
1
author_7
186
1
2
3
18.6
86
-93.0
add
Item_187
205.70
87
87.5
2
author_8
187
2
3
1
18.7
87
-93.5
add
Item_188
206.80
88
88.5
3
author_9
188
3
1
2
18.8
88
-94.0
add
Item_189
207.90
89
89.5
1
author_10
189
1
2
3
18.9
89
-94.5
add
Item_190
209.00
90
90.5
2
author_11
190
2
3
1
19.0
90
-95.0
add
Item_191
210.10
91
91.5
3
author_12
191
3
1
2
19.1
91
-95.5
add
Item_192
211.20
92
92.5
1
author_13
192
1
2
3
19.2
92
-96.0
add
Item_193
212.30
93
93.5
2
author_14
193
2
3
1
19.3
93
-96.5
add
Item_194
213.40
94
94.5
3
author_15
194
3
1
2
19.4
94
-97.0
add
Item_195
214.50
95
95.5
1
author_16
195
1
2
3
19.5
95
-97.5
add
Item_196
215.60
96
96.5
2
author_17
196
2
3
1
19.6
96
-98.0
add
Item_197
216.70
97
97.5
3
author_18
197
3
1
2
19.7
97
-98.5
add
Item_198
217.80
98
98.5
1
author_19
198
1
2
3
19.8
98
-99.0
add
Item_199
218.90
99
99.5
2
author_20
199
2
3
1
19.9
99
-99.5
add
Math_200
220.00
0
0.5
3
nn
150
3
1
2
20.0
0
-100.0
add
Item_201
221.10
1
1.5
1
author_22
151
1
2
3
20.1
1
-100.5
add
Item_202
222.20
2
2.5
2
author_23
152
2
3
1
20.2
2
-101.0
add
Item_203
223.30
3
3.5
3
author_24
153
3
1
2
20.3
3
-101.5
add
Item_204
224.40
4
4.5
1
author_25
154
1
2
3
20.4
4
-102.0
add
Item_205
225.50
5
5.5
2
author_26
155
2
3
1
20.5
5
-102.5
add
Item_206
226.60
6
6.5
3
author_27
156
3
1
2
20.6
6
-103.0
add
Item_207
227.70
7
7.5
1
author_28
157
1
2
3
20.7
7
-103.5
add
Item_208
228.80
8
8.5
2
author_29
158
2
3
1
20.8
8
-104.0
add
Item_209
229.90
9
9.5
3
author_30
159
3
1
2
20.9
9
-104.5
add
Item_210
231.00
10
10.5
1
author_1
160
1
2
3
21.0
10
-105.0
add
Item_211
232.10
11
11.5
2
author_2
161
2
3
1
21.1
11
-105.5
add
Item_212
233.20
12
12.5
3
author_3
162
3
1
2
21.2
12
-106.0
add
Item_213
234.30
13
13.5
1
author_4
163
1
2
3
21.3
13
-106.5
add
Item_214
235.40
14
14.5
2
author_5
164
2
3
1
21.4
14
-107.0
add
Item_215
236.50
15
15.5
3
author_6
165
3
1
2
21.5
15
-107.5
add
Item_216
237.60
16
16.5
1
author_7
166
1
2
3
21.6
16
-108.0
add
Item_217
238.70
17
17.5
2
author_8
167
2
3
1
21.7
17
-108.5
add
Item_218
239.80
18
18.5
3
author_9
168
3
1
2
21.8
18
-109.0
add
Item_219
240.90
19
19.5
1
author_10
169
1
2
3
21.9
19
-109.5
add
Item_220
242.00
20
20.5
2
author_11
170
2
3
1
22.0
20
-110.0
add
Item_221
243.10
21
21.5
3
author_12
171
3
1
2
22.1
21
-110.5
add
Item_222
244.20
22
22.5
1
author_13
172
1
2
3
22.2
22
-111.0
add
Item_223
245.30
23
23.5
2
author_14
173
2
3
1
22.3
23
-111.5
add
Item_224
246.40
24
24.5
3
author_15
174
3
1
2
22.4
24
-112.0
add
Item_225
247.50
25
25.5
1
author_16
175
1
2
3
22.5
25
-112.5
add
Item_226
248.60
26
26.5
2
author_17
176
2
3
1
22.6
26
-113.0
add
Item_227
249.70
27
27.5
3
author_18
177
3
1
2
22.7
27
-113.5
add
Item_228
250.80
28
28.5
1
author_19
178
1
2
3
22.8
28
-114.0
add
Item_229
251.90
29
29.5
2
author_20
179
2
3
1
22.9
29
-114.5
add
Item_230
253.00
30
30.5
3
author_21
180
3
1
2
23.0
30
-115.0
add
Item_231
254.10
31
31.5
1
author_22
181
1
2
3
23.1
31
-115.5
add
Item_232
255.20
32
32.5
2
author_23
182
2
3
1
23.2
32
-116.0
add
Item_233
256.30
33
33.5
3
author_24
183
3
1
2
23.3
33
-116.5
add
Item_234
257.40
34
34.5
1
author_25
184
1
2
3
23.4
34
-117.0
add
Item_235
258.50
35
35.5
2
author_26
185
2
3
1
23.5
35
-117.5
add
Item_236
259.60
36
36.5
3
author_27
186
3
1
2
23.6
36
-118.0
add
Item_237
260.70
37
37.5
1
author_28
187
1
2
3
23.7
37
-118.5
add
Item_238
261.80
38
38.5
2
author_29
188
2
3
1
23.8
38
-119.0
add
Item_239
262.90
39
39.5
3
author_30
189
3
1
2
23.9
39
-119.5
add
Item_240
264.00
40
40.5
1
author_1
190
1
2
3
24.0
40
-120.0
add
Item_241
265.10
41
41.5
2
author_2
191
2
3
1
24.1
41
-120.5
add
Item_242
266.20
42
42.5
3
author_3
192
3
1
2
24.2
42
-121.0
add
Item_243
267.30
43
43.5
1
author_4
193
1
2
3
24.3
43
-121.5
add
Item_244
268.40
44
44.5
2
author_5
194
2
3
1
24.4
44
-122.0
add
Item_245
269.50
45
45.5
3
author_6
195
3
1
2
24.5
45
-122.5
add
Item_246
270.60
46
46.5
1
author_7
196
1
2
3
24.6
46
-123.0
add
Item_247
271.70
47
47.5
2
author_8
197
2
3
1
24.7
47
-123.5
add
Item_248
272.80
48
48.5
3
author_9
198
3
1
2
24.8
48
-124.0
add
Item_249
273.90
49
49.5
1
author_10
199
1
2
3
24.9
49
-124.5
add
Math_250
275.00
50
50.5
2
nn
150
2
3
1
25.0
50
-125.0
add
Item_251
276.10
51
51.5
3
author_12
151
3
1
2
25.1
51
-125.5
add
Item_252
277.20
52
52.5
1
author_13
152
1
2
3
25.2
52
-126.0
add
Item_253
278.30
53
53.5
2
author_14
153
2
3
1
25.3
53
-126.5
add
Item_254
279.40
54
54.5
3
author_15
154
3
1
2
25.4
54
-127.0
add
Item_255
280.50
55
55.5
1
author_16
155
1
2
3
25.5
55
-127.5
add
Item_256
281.60
56
56.5
2
author_17
156
2
3
1
25.6
56
-128.0
add
Item_257
282.70
57
57.5
3
author_18
157
3
1
2
25.7
57
-128.5
add
Item_258
283.80
58
58.5
1
author_19
158
1
2
3
25.8
58
-129.0
add
Item_259
284.90
59
59.5
2
author_20
159
2
3
1
25.9
59
-129.5
add
Item_260
286.00
60
60.5
3
author_21
160
3
1
2
26.0
60
-130.0
add
Item_261
287.10
61
61.5
1
author_22
161
1
2
3
26.1
61
-130.5
add
Item_262
288.20
62
62.5
2
author_23
162
2
3
1
26.2
62
-131.0
add
Item_263
289.30
63
63.5
3
author_24
163
3
1
2
26.3
63
-131.5
add
Item_264
290.40
64
64.5
1
author_25
164
1
2
3
26.4
64
-132.0
add
Item_265
291.50
65
65.5
2
author_26
165
2
3
1
26.5
65
-132.5
add
Item_266
292.60
66
66.5
3
author_27
166
3
1
2
26.6
66
-133.0
add
Item_267
293.70
67
67.5
1
author_28
167
1
2
3
26.7
67
-133.5
add
Item_268
294.80
68
68.5
2
author_29
168
2
3
1
26.8
68
-134.0
add
Item_269
295.90
69
69.5
3
author_30
169
3
1
2
26.9
69
-134.5
add
Item_270
297.00
70
70.5
1
author_1
170
1
2
3
27.0
70
-135.0
add
Item_271
298.10
71
71.5
2
author_2
171
2
3
1
27.1
71
-135.5
add
Item_272
299.20
72
72.5
3
author_3
172
3
1
2
27.2
72
-136.0
add
Item_273
300.30
73
73.5
1
author_4
173
1
2
3
27.3
73
-136.5
add
Item_274
301.40
74
74.5
2
author_5
174
2
3
1
27.4
74
-137.0
add
Item_275
302.50
75
75.5
3
author_6
175
3
1
2
27.5
75
-137.5
add
Item_276
303.60
76
76.5
1
author_7
176
1
2
3
27.6
76
-138.0
add
Item_277
304.70
77
77.5
2
author_8
177
2
3
1
27.7
77
-138.5
add
Item_278
305.80
78
78.5
3
author_9
178
3
1
2
27.8
78
-139.0
add
Item_279
306.90
79
79.5
1
author_10
179
1
2
3
27.9
79
-139.5
add
Item_280
308.00
80
80.5
2
author_11
180
2
3
1
28.0
80
-140.0
add
Item_281
309.10
81
81.5
3
author_12
181
3
1
2
28.1
81
-140.5
add
Item_282
310.20
82
82.5
1
author_13
182
1
2
3
28.2
82
-141.0
add
Item_283
311.30
83
83.5
2
author_14
183
2
3
1
28.3
83
-141.5
add
Item_284
312.40
84
84.5
3
author_15
184
3
1
2
28.4
84
-142.0
add
Item_285
313.50
85
85.5
1
author_16
185
1
2
3
28.5
85
-142.5
add
Item_286
314.60
86
86.5
2
author_17
186
2
3
1
28.6
86
-143.0
add
Item_287
315.70
87
87.5
3
author_18
187
3
1
2
28.7
87
-143.5
add
Item_288
316.80
88
88.5
1
author_19
188
1
2
3
28.8
88
-144.0
add
Item_289
317.90
89
89.5
2
author_20
189
2
3
1
28.9
89
-144.5
add
Item_290
319.00
90
90.5
3
author_21
190
3
1
2
29.0
90
-145.0
add
Item_291
320.10
91
91.5
1
author_22
191
1
2
3
29.1
91
-145.5
add
Item_292
321.20
92
92.5
2
author_23
192
2
3
1
29.2
92
-146.0
add
Item_293
322.30
93
93.5
3
author_24
193
3
1
2
29.3
93
-146.5
add
Item_294
323.40
94
94.5
1
author_25
194
1
2
3
29.4
94
-147.0
add
Item_295
324.50
95
95.5
2
author_26
195
2
3
1
29.5
95
-147.5
add
Item_296
325.60
96
96.5
3
author_27
196
3
1
2
29.6
96
-148.0
add
Item_297
326.70
97
97.5
1
author_28
197
1
2
3
29.7
97
-148.5
add
Item_298
327.80
98
98.5
2
author_29
198
2
3
1
29.8
98
-149.0
add
Item_299
328.90
99
99.5
3
author_30
199
3
1
2
29.9
99
-149.5
add
Math_300
330.00
0
0.5
1
nn
150
1
2
3
30.0
0
-150.0
add
Item_301
331.10
1
1.5
2
author_2
151
2
3
1
30.1
1
-150.5
add
Item_302
332.20
2
2.5
3
author_3
152
3
1
2
30.2
2
-151.0
add
Item_303
333.30
3
3.5
1
author_4
153
1
2
3
30.3
3
-151.5
add
Item_304
334.40
4
4.5
2
author_5
154
2
3
1
30.4
4
-152.0
add
Item_305
335.50
5
5.5
3
author_6
155
3
1
2
30.5
5
-152.5
add
Item_306
336.60
6
6.5
1
author_7
156
1
2
3
30.6
6
-153.0
add
Item_307
337.70
7
7.5
2
author_8
157
2
3
1
30.7
7
-153.5
add
Item_308
338.80
8
8.5
3
author_9
158
3
1
2
30.8
8
-154.0
add
Item_309
339.90
9
9.5
1
author_10
159
1
2
3
30.9
9
-154.5
add
Item_310
341.00
10
10.5
2
author_11
160
2
3
1
31.0
10
-155.0
add
Item_311
342.10
11
11.5
3
author_12
161
3
1
2
31.1
11
-155.5
add
Item_312
343.20
12
12.5
1
author_13
162
1
2
3
31.2
12
-156.0
add
Item_313
344.30
13
13.5
2
author_14
163
2
3
1
31.3
13
-156.5
add
Item_314
345.40
14
14.5
3
author_15
164
3
1
2
31.4
14
-157.0
add
Item_315
346.50
15
15.5
1
author_16
165
1
2
3
31.5
15
-157.5
add
Item_316
347.60
16
16.5
2
author_17
166
2
3
1
31.6
16
-158.0
add
Item_317
348.70
17
17.5
3
author_18
167
3
1
2
31.7
17
-158.5
add
Item_318
349.80
18
18.5
1
author_19
168
1
2
3
31.8
18
-159.0
add
Item_319
350.90
19
19.5
2
author_20
169
2
3
1
31.9
19
-159.5
add
Item_320
352.00
20
20.5
3
author_21
170
3
1
2
32.0
20
-160.0
add
Item_321
353.10
21
21.5
1
author_22
171
1
2
3
32.1
21
-160.5
add
Item_322
354.20
22
22.5
2
author_23
172
2
3
1
32.2
22
-161.0
add
Item_323
355.30
23
23.5
3
author_24
173
3
1
2
32.3
23
-161.5
add
Item_324
356.40
24
24.5
1
author_25
174
1
2
3
32.4
24
-162.0
add
Item_325
357.50
25
25.5
2
author_26
175
2
3
1
32.5
25
-162.5
add
Item_326
358.60
26
26.5
3
author_27
176
3
1
2
32.6
26
-163.0
add
Item_327
359.70
27
27.5
1
author_28
177
1
2
3
32.7
27
-163.5
add
Item_328
360.80
28
28.5
2
author_29
178
2
3
1
32.8
28
-164.0
add
Item_329
361.90
29
29.5
3
author_30
179
3
1
2
32.9
29
-164.5
add
Item_330
363.00
30
30.5
1
author_1
180
1
2
3
33.0
30
-165.0
add
Item_331
364.10
31
31.5
2
author_2
181
2
3
1
33.1
31
-165.5
add
Item_332
365.20
32
32.5
3
author_3
182
3
1
2
33.2
32
-166.0
add
Item_333
366.30
33
33.5
1
author_4
183
1
2
3
33.3
33
-166.5
add
Item_334
367.40
34
34.5
2
author_5
184
2
3
1
33.4
34
-167.0
add
Item_335
368.50
35
35.5
3
author_6
185
3
1
2
33.5
35
-167.5
add
Item_336
369.60
36
36.5
1
author_7
186
1
2
3
33.6
36
-168.0
add
Item_337
370.70
37
37.5
2
author_8
187
2
3
1
33.7
37
-168.5
add
Item_338
371.80
38
38.5
3
author_9
188
3
1
2
33.8
38
-169.0
add
Item_339
372.90
39
39.5
1
author_10
189
1
2
3
33.9
39
-169.5
add
Item_340
374.00
40
40.5
2
author_11
190
2
3
1
34.0
40
-170.0
add
Item_341
375.10
41
41.5
3
author_12
191
3
1
2
34.1
41
-170.5
add
Item_342
376.20
42
42.5
1
author_13
192
1
2
3
34.2
42
-171.0
add
Item_343
377.30
43
43.5
2
author_14
193
2
3
1
34.3
43
-171.5
add
Item_344
378.40
44
44.5
3
author_15
194
3
1
2
34.4
44
-172.0
add
Item_345
379.50
45
45.5
1
author_16
195
1
2
3
34.5
45
-172.5
add
Item_346
380.60
46
46.5
2
author_17
196
2
3
1
34.6
46
-173.0
add
Item_347
381.70
47
47.5
3
author_18
197
3
1
2
34.7
47
-173.5
add
Item_348
382.80
48
48.5
1
author_19
198
1
2
3
34.8
48
-174.0
add
Item_349
383.90
49
49.5
2
author_20
199
2
3
1
34.9
49
-174.5
add
Math_350
385.00
50
50.5
3
nn
150
3
1
2
35.0
50
-175.0
add
Item_351
386.10
51
51.5
1
author_22
151
1
2
3
35.1
51
-175.5
add
Item_352
387.20
52
52.5
2
author_23
152
2
3
1
35.2
52
-176.0
add
Item_353
388.30
53
53.5
3
author_24
153
3
1
2
35.3
53
-176.5
add
Item_354
389.40
54
54.5
1
author_25
154
1
2
3
35.4
54
-177.0
add
Item_355
390.50
55
55.5
2
author_26
155
2
3
1
35.5
55
-177.5
add
Item_356
391.60
56
56.5
3
author_27
156
3
1
2
35.6
56
-178.0
add
Item_357
392.70
57
57.5
1
author_28
157
1
2
3
35.7
57
-178.5
add
Item_358
393.80
58
58.5
2
author_29
158
2
3
1
35.8
58
-179.0
add
Item_359
394.90
59
59.5
3
author_30
159
3
1
2
35.9
59
-179.5
add
Item_360
396.00
60
60.5
1
author_1
160
1
2
3
0.0
60
-180.0
add
Item_361
397.10
61
61.5
2
author_2
161
2
3
1
0.1
61
-180.5
add
Item_362
398.20
62
62.5
3
author_3
162
3
1
2
0.2
62
-181.0
add
Item_363
399.30
63
63.5
1
author_4
163
1
2
3
0.3
63
-181.5
add
Item_364
400.40
64
64.5
2
author_5
164
2
3
1
0.4
64
-182.0
add
Item_365
401.50
65
65.5
3
author_6
165
3
1
2
0.5
65
-182.5
add
Item_366
402.60
66
66.5
1
author_7
166
1
2
3
0.6
66
-183.0
add
Item_367
403.70
67
67.5
2
author_8
167
2
3
1
0.7
67
-183.5
add
Item_368
404.80
68
68.5
3
author_9
168
3
1
2
0.8
68
-184.0
add
Item_369
405.90
69
69.5
1
author_10
169
1
2
3
0.9
69
-184.5
add
Item_370
407.00
70
70.5
2
author_11
170
2
3
1
1.0
70
-185.0
add
Item_371
408.10
71
71.5
3
author_12
171
3
1
2
1.1
71
-185.5
add
Item_372
409.20
72
72.5
1
author_13
172
1
2
3
1.2
72
-186.0
add
Item_373
410.30
73
73.5
2
author_14
173
2
3
1
1.3
73
-186.5
add
Item_374
411.40
74
74.5
3
author_15
174
3
1
2
1.4
74
-187.0
add
Item_375
412.50
75
75.5
1
author_16
175
1
2
3
1.5
75
-187.5
add
Item_376
413.60
76
76.5
2
author_17
176
2
3
1
1.6
76
-188.0
add
Item_377
414.70
77
77.5
3
author_18
177
3
1
2
1.7
77
-188.5
add
Item_378
415.80
78
78.5
1
author_19
178
1
2
3
1.8
78
-189.0
add
Item_379
416.90
79
79.5
2
author_20
179
2
3
1
1.9
79
-189.5
add
Item_380
418.00
80
80.5
3
author_21
180
3
1
2
2.0
80
-190.0
add
Item_381
419.10
81
81.5
1
author_22
181
1
2
3
2.1
81
-190.5
add
Item_382
420.20
82
82.5
2
author_23
182
2
3
1
2.2
82
-191.0
add
Item_383
421.30
83
83.5
3
author_24
183
3
1
2
2.3
83
-191.5
add
Item_384
422.40
84
84.5
1
author_25
184
1
2
3
2.4
84
-192.0
add
Item_385
423.50
85
85.5
2
author_26
185
2
3
1
2.5
85
-192.5
add
Item_386
424.60
86
86.5
3
author_27
186
3
1
2
2.6
86
-193.0
add
Item_387
425.70
87
87.5
1
author_28
187
1
2
3
2.7
87
-193.5
add
Item_388
426.80
88
88.5
2
author_29
188
2
3
1
2.8
88
-194.0
add
Item_389
427.90
89
89.5
3
author_30
189
3
1
2
2.9
89
-194.5
add
Item_390
429.00
90
90.5
1
author_1
190
1
2
3
3.0
90
-195.0
add
Item_391
430.10
91
91.5
2
author_2
191
2
3
1
3.1
91
-195.5
add
Item_392
431.20
92
92.5
3
author_3
192
3
1
2
3.2
92
-196.0
add
Item_393
432.30
93
93.5
1
author_4
193
1
2
3
3.3
93
-196.5
add
Item_394
433.40
94
94.5
2
author_5
194
2
3
1
3.4
94
-197.0
add
Item_395
434.50
95
95.5
3
author_6
195
3
1
2
3.5
95
-197.5
add
Item_396
435.60
96
96.5
1
author_7
196
1
2
3
3.6
96
-198.0
add
Item_397
436.70
97
97.5
2
author_8
197
2
3
1
3.7
97
-198.5
add
Item_398
437.80
98
98.5
3
author_9
198
3
1
2
3.8
98
-199.0
add
Item_399
438.90
99
99.5
1
author_10
199
1
2
3
3.9
99
-199.5
add
Math_400
440.00
0
0.5
2
nn
150
2
3
1
4.0
0
-200.0
add
Item_401
441.10
1
1.5
3
author_12
151
3
1
2
4.1
1
-200.5
add
Item_402
442.20
2
2.5
1
author_13
152
1
2
3
4.2
2
-201.0
add
Item_403
443.30
3
3.5
2
author_14
153
2
3
1
4.3
3
-201.5
add
Item_404
444.40
4
4.5
3
author_15
154
3
1
2
4.4
4
-202.0
add
Item_405
445.50
5
5.5
1
author_16
155
1
2
3
4.5
5
-202.5
add
Item_406
446.60
6
6.5
2
author_17
156
2
3
1
4.6
6
-203.0
add
Item_407
447.70
7
7.5
3
author_18
157
3
1
2
4.7
7
-203.5
add
Item_408
448.80
8
8.5
1
author_19
158
1
2
3
4.8
8
-204.0
add
Item_409
449.90
9
9.5
2
author_20
159
2
3
1
4.9
9
-204.5
add
Item_410
451.00
10
10.5
3
author_21
160
3
1
2
5.0
10
-205.0
add
Item_411
452.10
11
11.5
1
author_22
161
1
2
3
5.1
11
-205.5
add
Item_412
453.20
12
12.5
2
author_23
162
2
3
1
5.2
12
-206.0
add
Item_413
454.30
13
13.5
3
author_24
163
3
1
2
5.3
13
-206.5
add
Item_414
455.40
14
14.5
1
author_25
164
1
2
3
5.4
14
-207.0
add
Item_415
456.50
15
15.5
2
author_26
165
2
3
1
5.5
15
-207.5
add
Item_416
457.60
16
16.5
3
author_27
166
3
1
2
5.6
16
-208.0
add
Item_417
458.70
17
17.5
1
author_28
167
1
2
3
5.7
17
-208.5
add
Item_418
459.80
18
18.5
2
author_29
168
2
3
1
5.8
18
-209.0
add
Item_419
460.90
19
19.5
3
author_30
169
3
1
2
5.9
19
-209.5
add
Item_420
462.00
20
20.5
1
author_1
170
1
2
3
6.0
20
-210.0
add
Item_421
463.10
21
21.5
2
author_2
171
2
3
1
6.1
21
-210.5
add
Item_422
464.20
22
22.5
3
author_3
172
3
1
2
6.2
22
-211.0
add
Item_423
465.30
23
23.5
1
author_4
173
1
2
3
6.3
23
-211.5
add
Item_424
466.40
24
24.5
2
author_5
174
2
3
1
6.4
24
-212.0
add
Item_425
467.50
25
25.5
3
author_6
175
3
1
2
6.5
25
-212.5
add
Item_426
468.60
26
26.5
1
author_7
176
1
2
3
6.6
26
-213.0
add
Item_427
469.70
27
27.5
2
author_8
177
2
3
1
6.7
27
-213.5
add
Item_428
470.80
28
28.5
3
author_9
178
3
1
2
6.8
28
-214.0
add
Item_429
471.90
29
29.5
1
author_10
179
1
2
3
6.9
29
-214.5
add
Item_430
473.00
30
30.5
2
author_11
180
2
3
1
7.0
30
-215.0
add
Item_431
474.10
31
31.5
3
author_12
181
3
1
2
7.1
31
-215.5
add
Item_432
475.20
32
32.5
1
author_13
182
1
2
3
7.2
32
-216.0
add
Item_433
476.30
33
33.5
2
author_14
183
2
3
1
7.3
33
-216.5
add
Item_434
477.40
34
34.5
3
author_15
184
3
1
2
7.4
34
-217.0
add
Item_435
478.50
35
35.5
1
author_16
185
1
2
3
7.5
35
-217.5
add
Item_436
479.60
36
36.5
2
author_17
186
2
3
1
7.6
36
-218.0
add
Item_437
480.70
37
37.5
3
author_18
187
3
1
2
7.7
37
-218.5
add
Item_438
481.80
38
38.5
1
author_19
188
1
2
3
7.8
38
-219.0
add
Item_439
482.90
39
39.5
2
author_20
189
2
3
1
7.9
39
-219.5
add
Item_440
484.00
40
40.5
3
author_21
190
3
1
2
8.0
40
-220.0
add
Item_441
485.10
41
41.5
1
author_22
191
1
2
3
8.1
41
-220.5
add
Item_442
486.20
42
42.5
2
author_23
192
2
3
1
8.2
42
-221.0
add
Item_443
487.30
43
43.5
3
author_24
193
3
1
2
8.3
43
-221.5
add
Item_444
488.40
44
44.5
1
author_25
194
1
2
3
8.4
44
-222.0
add
Item_445
489.50
45
45.5
2
author_26
195
2
3
1
8.5
45
-222.5
add
Item_446
490.60
46
46.5
3
author_27
196
3
1
2
8.6
46
-223.0
add
Item_447
491.70
47
47.5
1
author_28
197
1
2
3
8.7
47
-223.5
add
Item_448
492.80
48
48.5
2
author_29
198
2
3
1
8.8
48
-224.0
add
Item_449
493.90
49
49.5
3
author_30
199
3
1
2
8.9
49
-224.5
add
Math_450
495.00
50
50.5
1
nn
150
1
2
3
9.0
50
-225.0
add
Item_451
496.10
51
51.5
2
author_2
151
2
3
1
9.1
51
-225.5
add
Item_452
497.20
52
52.5
3
author_3
152
3
1
2
9.2
52
-226.0
add
Item_453
498.30
53
53.5
1
author_4
153
1
2
3
9.3
53
-226.5
add
Item_454
499.40
54
54.5
2
author_5
154
2
3
1
9.4
54
-227.0
add
Item_455
500.50
55
55.5
3
author_6
155
3
1
2
9.5
55
-227.5
add
Item_456
501.60
56
56.5
1
author_7
156
1
2
3
9.6
56
-228.0
add
Item_457
502.70
57
57.5
2
author_8
157
2
3
1
9.7
57
-228.5
add
Item_458
503.80
58
58.5
3
author_9
158
3
1
2
9.8
58
-229.0
add
Item_459
504.90
59
59.5
1
author_10
159
1
2
3
9.9
59
-229.5
add
Item_460
506.00
60
60.5
2
author_11
160
2
3
1
10.0
60
-230.0
add
Item_461
507.10
61
61.5
3
author_12
161
3
1
2
10.1
61
-230.5
add
Item_462
508.20
62
62.5
1
author_13
162
1
2
3
10.2
62
-231.0
add
Item_463
509.30
63
63.5
2
author_14
163
2
3
1
10.3
63
-231.5
add
Item_464
510.40
64
64.5
3
author_15
164
3
1
2
10.4
64
-232.0
add
Item_465
511.50
65
65.5
1
author_16
165
1
2
3
10.5
65
-232.5
add
Item_466
512.60
66
66.5
2
author_17
166
2
3
1
10.6
66
-233.0
add
Item_467
513.70
67
67.5
3
author_18
167
3
1
2
10.7
67
-233.5
add
Item_468
514.80
68
68.5
1
author_19
168
1
2
3
10.8
68
-234.0
add
Item_469
515.90
69
69.5
2
author_20
169
2
3
1
10.9
69
-234.5
add
Item_470
517.00
70
70.5
3
author_21
170
3
1
2
11.0
70
-235.0
add
Item_471
518.10
71
71.5
1
author_22
171
1
2
3
11.1
71
-235.5
add
Item_472
519.20
72
72.5
2
author_23
172
2
3
1
11.2
72
-236.0
add
Item_473
520.30
73
73.5
3
author_24
173
3
1
2
11.3
73
-236.5
add
Item_474
521.40
74
74.5
1
author_25
174
1
2
3
11.4
74
-237.0
add
Item_475
522.50
75
75.5
2
author_26
175
2
3
1
11.5
75
-237.5
add
Item_476
523.60
76
76.5
3
author_27
176
3
1
2
11.6
76
-238.0
add
Item_477
524.70
77
77.5
1
author_28
177
1
2
3
11.7
77
-238.5
add
Item_478
525.80
78
78.5
2
author_29
178
2
3
1
11.8
78
-239.0
add
Item_479
526.90
79
79.5
3
author_30
179
3
1
2
11.9
79
-239.5
add
Item_480
528.00
80
80.5
1
author_1
180
1
2
3
12.0
80
-240.0
add
Item_481
529.10
81
81.5
2
author_2
181
2
3
1
12.1
81
-240.5
add
Item_482
530.20
82
82.5
3
author_3
182
3
1
2
12.2
82
-241.0
add
Item_483
531.30
83
83.5
1
author_4
183
1
2
3
12.3
83
-241.5
add
Item_484
532.40
84
84.5
2
author_5
184
2
3
1
12.4
84
-242.0
add
Item_485
533.50
85
85.5
3
author_6
185
3
1
2
12.5
85
-242.5
add
Item_486
534.60
86
86.5
1
author_7
186
1
2
3
12.6
86
-243.0
add
Item_487
535.70
87
87.5
2
author_8
187
2
3
1
12.7
87
-243.5
add
Item_488
536.80
88
88.5
3
author_9
188
3
1
2
12.8
88
-244.0
add
Item_489
537.90
89
89.5
1
author_10
189
1
2
3
12.9
89
-244.5
add
Item_490
539.00
90
90.5
2
author_11
190
2
3
1
13.0
90
-245.0
add
Item_491
540.10
91
91.5
3
author_12
191
3
1
2
13.1
91
-245.5
add
Item_492
541.20
92
92.5
1
author_13
192
1
2
3
13.2
92
-246.0
add
Item_493
542.30
93
93.5
2
author_14
193
2
3
1
13.3
93
-246.5
add
Item_494
543.40
94
94.5
3
author_15
194
3
1
2
13.4
94
-247.0
add
Item_495
544.50
95
95.5
1
author_16
195
1
2
3
13.5
95
-247.5
add
Item_496
545.60
96
96.5
2
author_17
196
2
3
1
13.6
96
-248.0
add
Item_497
546.70
97
97.5
3
author_18
197
3
1
2
13.7
97
-248.5
add
Item_498
547.80
98
98.5
1
author_19
198
1
2
3
13.8
98
-249.0
add
Item_499
548.90
99
99.5
2
author_20
199
2
3
1
13.9
99
-249.5
add
Math_500
550.00
0
0.5
3
nn
150
3
1
2
14.0
0
-250.0
add
Item_501
551.10
1
1.5
1
author_22
151
1
2
3
14.1
1
-250.5
add
Item_502
552.20
2
2.5
2
author_23
152
2
3
1
14.2
2
-251.0
add
Item_503
553.30
3
3.5
3
author_24
153
3
1
2
14.3
3
-251.5
add
Item_504
554.40
4
4.5
1
author_25
154
1
2
3
14.4
4
-252.0
add
Item_505
555.50
5
5.5
2
author_26
155
2
3
1
14.5
5
-252.5
add
Item_506
556.60
6
6.5
3
author_27
156
3
1
2
14.6
6
-253.0
add
Item_507
557.70
7
7.5
1
author_28
157
1
2
3
14.7
7
-253.5
add
Item_508
558.80
8
8.5
2
author_29
158
2
3
1
14.8
8
-254.0
add
Item_509
559.90
9
9.5
3
author_30
159
3
1
2
14.9
9
-254.5
add
Item_510
561.00
10
10.5
1
author_1
160
1
2
3
15.0
10
-255.0
add
Item_511
562.10
11
11.5
2
author_2
161
2
3
1
15.1
11
-255.5
add
Item_512
563.20
12
12.5
3
author_3
162
3
1
2
15.2
12
-256.0
add
Item_513
564.30
13
13.5
1
author_4
163
1
2
3
15.3
13
-256.5
add
Item_514
565.40
14
14.5
2
author_5
164
2
3
1
15.4
14
-257.0
add
Item_515
566.50
15
15.5
3
author_6
165
3
1
2
15.5
15
-257.5
add
Item_516
567.60
16
16.5
1
author_7
166
1
2
3
15.6
16
-258.0
add
Item_517
568.70
17
17.5
2
author_8
167
2
3
1
15.7
17
-258.5
add
Item_518
569.80
18
18.5
3
author_9
168
3
1
2
15.8
18
-259.0
add
Item_519
570.90
19
19.5
1
author_10
169
1
2
3
15.9
19
-259.5
add
Item_520
572.00
20
20.5
2
author_11
170
2
3
1
16.0
20
-260.0
add
Item_521
573.10
21
21.5
3
author_12
171
3
1
2
16.1
21
-260.5
add
Item_522
574.20
22
22.5
1
author_13
172
1
2
3
16.2
22
-261.0
add
Item_523
575.30
23
23.5
2
author_14
173
2
3
1
16.3
23
-261.5
add
Item_524
576.40
24
24.5
3
author_15
174
3
1
2
16.4
24
-262.0
add
Item_525
577.50
25
25.5
1
author_16
175
1
2
3
16.5
25
-262.5
add
Item_526
578.60
26
26.5
2
author_17
176
2
3
1
16.6
26
-263.0
add
Item_527
579.70
27
27.5
3
author_18
177
3
1
2
16.7
27
-263.5
add
Item_528
580.80
28
28.5
1
author_19
178
1
2
3
16.8
28
-264.0
add
Item_529
581.90
29
29.5
2
author_20
179
2
3
1
16.9
29
-264.5
add
Item_530
583.00
30
30.5
3
author_21
180
3
1
2
17.0
30
-265.0
add
Item_531
584.10
31
31.5
1
author_22
181
1
2
3
17.1
31
-265.5
add
Item_532
585.20
32
32.5
2
author_23
182
2
3
1
17.2
32
-266.0
add
Item_533
586.30
33
33.5
3
author_24
183
3
1
2
17.3
33
-266.5
add
Item_534
587.40
34
34.5
1
author_25
184
1
2
3
17.4
34
-267.0
add
Item_535
588.50
35
35.5
2
author_26
185
2
3
1
17.5
35
-267.5
add
Item_536
589.60
36
36.5
3
author_27
186
3
1
2
17.6
36
-268.0
add
Item_537
590.70
37
37.5
1
author_28
187
1
2
3
17.7
37
-268.5
add
Item_538
591.80
38
38.5
2
author_29
188
2
3
1
17.8
38
-269.0
add
Item_539
592.90
39
39.5
3
author_30
189
3
1
2
17.9
39
-269.5
add
Item_540
594.00
40
40.5
1
author_1
190
1
2
3
18.0
40
-270.0
add
Item_541
595.10
41
41.5
2
author_2
191
2
3
1
18.1
41
-270.5
add
Item_542
596.20
42
42.5
3
author_3
192
3
1
2
18.2
42
-271.0
add
Item_543
597.30
43
43.5
1
author_4
193
1
2
3
18.3
43
-271.5
add
Item_544
598.40
44
44.5
2
author_5
194
2
3
1
18.4
44
-272.0
add
Item_545
599.50
45
45.5
3
author_6
195
3
1
2
18.5
45
-272.5
add
Item_546
600.60
46
46.5
1
author_7
196
1
2
3
18.6
46
-273.0
add
Item_547
601.70
47
47.5
2
author_8
197
2
3
1
18.7
47
-273.5
add
Item_548
602.80
48
48.5
3
author_9
198
3
1
2
18.8
48
-274.0
add
Item_549
603.90
49
49.5
1
author_10
199
1
2
3
18.9
49
-274.5
add
Math_550
605.00
50
50.5
2
nn
150
2
3
1
19.0
50
-275.0
add
Item_551
606.10
51
51.5
3
author_12
151
3
1
2
19.1
51
-275.5
add
Item_552
607.20
52
52.5
1
author_13
152
1
2
3
19.2
52
-276.0
add
Item_553
608.30
53
53.5
2
author_14
153
2
3
1
19.3
53
-276.5
add
Item_554
609.40
54
54.5
3
author_15
154
3
1
2
19.4
54
-277.0
add
Item_555
610.50
55
55.5
1
author_16
155
1
2
3
19.5
55
-277.5
add
Item_556
611.60
56
56.5
2
author_17
156
2
3
1
19.6
56
-278.0
add
Item_557
612.70
57
57.5
3
author_18
157
3
1
2
19.7
57
-278.5
add
Item_558
613.80
58
58.5
1
author_19
158
1
2
3
19.8
58
-279.0
add
Item_559
614.90
59
59.5
2
author_20
159
2
3
1
19.9
59
-279.5
add
Item_560
616.00
60
60.5
3
author_21
160
3
1
2
20.0
60
-280.0
add
Item_561
617.10
61
61.5
1
author_22
161
1
2
3
20.1
61
-280.5
add
Item_562
618.20
62
62.5
2
author_23
162
2
3
1
20.2
62
-281.0
add
Item_563
619.30
63
63.5
3
author_24
163
3
1
2
20.3
63
-281.5
add
Item_564
620.40
64
64.5
1
author_25
164
1
2
3
20.4
64
-282.0
add
Item_565
621.50
65
65.5
2
author_26
165
2
3
1
20.5
65
-282.5
add
Item_566
622.60
66
66.5
3
author_27
166
3
1
2
20.6
66
-283.0
add
Item_567
623.70
67
67.5
1
author_28
167
1
2
3
20.7
67
-283.5
add
Item_568
624.80
68
68.5
2
author_29
168
2
3
1
20.8
68
-284.0
add
Item_569
625.90
69
69.5
3
author_30
169
3
1
2
20.9
69
-284.5
add
Item_570
627.00
70
70.5
1
author_1
170
1
2
3
21.0
70
-285.0
add
Item_571
628.10
71
71.5
2
author_2
171
2
3
1
21.1
71
-285.5
add
Item_572
629.20
72
72.5
3
author_3
172
3
1
2
21.2
72
-286.0
add
Item_573
630.30
73
73.5
1
author_4
173
1
2
3
21.3
73
-286.5
add
Item_574
631.40
74
74.5
2
author_5
174
2
3
1
21.4
74
-287.0
add
Item_575
632.50
75
75.5
3
author_6
175
3
1
2
21.5
75
-287.5
add
Item_576
633.60
76
76.5
1
author_7
176
1
2
3
21.6
76
-288.0
add
Item_577
634.70
77
77.5
2
author_8
177
2
3
1
21.7
77
-288.5
add
Item_578
635.80
78
78.5
3
author_9
178
3
1
2
21.8
78
-289.0
add
Item_579
636.90
79
79.5
1
author_10
179
1
2
3
21.9
79
-289.5
add
Item_580
638.00
80
80.5
2
author_11
180
2
3
1
22.0
80
-290.0
add
Item_581
639.10
81
81.5
3
author_12
181
3
1
2
22.1
81
-290.5
add
Item_582
640.20
82
82.5
1
author_13
182
1
2
3
22.2
82
-291.0
add
Item_583
641.30
83
83.5
2
author_14
183
2
3
1
22.3
83
-291.5
add
Item_584
642.40
84
84.5
3
author_15
184
3
1
2
22.4
84
-292.0
add
Item_585
643.50
85
85.5
1
author_16
185
1
2
3
22.5
85
-292.5
add
Item_586
644.60
86
86.5
2
author_17
186
2
3
1
22.6
86
-293.0
add
Item_587
645.70
87
87.5
3
author_18
187
3
1
2
22.7
87
-293.5
add
Item_588
646.80
88
88.5
1
author_19
188
1
2
3
22.8
88
-294.0
add
Item_589
647.90
89
89.5
2
author_20
189
2
3
1
22.9
89
-294.5
add
Item_590
649.00
90
90.5
3
author_21
190
3
1
2
23.0
90
-295.0
add
Item_591
650.10
91
91.5
1
author_22
191
1
2
3
23.1
91
-295.5
add
Item_592
651.20
92
92.5
2
author_23
192
2
3
1
23.2
92
-296.0
add
Item_593
652.30
93
93.5
3
author_24
193
3
1
2
23.3
93
-296.5
add
Item_594
653.40
94
94.5
1
author_25
194
1
2
3
23.4
94
-297.0
add
Item_595
654.50
95
95.5
2
author_26
195
2
3
1
23.5
95
-297.5
add
Item_596
655.60
96
96.5
3
author_27
196
3
1
2
23.6
96
-298.0
add
Item_597
656.70
97
97.5
1
author_28
197
1
2
3
23.7
97
-298.5
add
Item_598
657.80
98
98.5
2
author_29
198
2
3
1
23.8
98
-299.0
add
Item_599
658.90
99
99.5
3
author_30
199
3
1
2
23.9
99
-299.5
add
Math_600
660.00
0
0.5
1
nn
150
1
2
3
24.0
0
-300.0
add
Item_601
661.10
1
1.5
2
author_2
151
2
3
1
24.1
1
-300.5
add
Item_602
662.20
2
2.5
3
author_3
152
3
1
2
24.2
2
-301.0
add
Item_603
663.30
3
3.5
1
author_4
153
1
2
3
24.3
3
-301.5
add
Item_604
664.40
4
4.5
2
author_5
154
2
3
1
24.4
4
-302.0
add
Item_605
665.50
5
5.5
3
author_6
155
3
1
2
24.5
5
-302.5
add
Item_606
666.60
6
6.5
1
author_7
156
1
2
3
24.6
6
-303.0
add
Item_607
667.70
7
7.5
2
author_8
157
2
3
1
24.7
7
-303.5
add
Item_608
668.80
8
8.5
3
author_9
158
3
1
2
24.8
8
-304.0
add
Item_609
669.90
9
9.5
1
author_10
159
1
2
3
24.9
9
-304.5
add
Item_610
671.00
10
10.5
2
author_11
160
2
3
1
25.0
10
-305.0
add
Item_611
672.10
11
11.5
3
author_12
161
3
1
2
25.1
11
-305.5
add
Item_612
673.20
12
12.5
1
author_13
162
1
2
3
25.2
12
-306.0
add
Item_613
674.30
13
13.5
2
author_14
163
2
3
1
25.3
13
-306.5
add
Item_614
675.40
14
14.5
3
author_15
164
3
1
2
25.4
14
-307.0
add
Item_615
676.50
15
15.5
1
author_16
165
1
2
3
25.5
15
-307.5
add
Item_616
677.60
16
16.5
2
author_17
166
2
3
1
25.6
16
-308.0
add
Item_617
678.70
17
17.5
3
author_18
167
3
1
2
25.7
17
-308.5
add
Item_618
679.80
18
18.5
1
author_19
168
1
2
3
25.8
18
-309.0
add
Item_619
680.90
19
19.5
2
author_20
169
2
3
1
25.9
19
-309.5
add
Item_620
682.00
20
20.5
3
author_21
170
3
1
2
26.0
20
-310.0
add
Item_621
683.10
21
21.5
1
author_22
171
1
2
3
26.1
21
-310.5
add
Item_622
684.20
22
22.5
2
author_23
172
2
3
1
26.2
22
-311.0
add
Item_623
685.30
23
23.5
3
author_24
173
3
1
2
26.3
23
-311.5
add
Item_624
686.40
24
24.5
1
author_25
174
1
2
3
26.4
24
-312.0
add
Item_625
687.50
25
25.5
2
author_26
175
2
3
1
26.5
25
-312.5
add
Item_626
688.60
26
26.5
3
author_27
176
3
1
2
26.6
26
-313.0
add
Item_627
689.70
27
27.5
1
author_28
177
1
2
3
26.7
27
-313.5
add
Item_628
690.80
28
28.5
2
author_29
178
2
3
1
26.8
28
-314.0
add
Item_629
691.90
29
29.5
3
author_30
179
3
1
2
26.9
29
-314.5
add
Item_630
693.00
30
30.5
1
author_1
180
1
2
3
27.0
30
-315.0
add
Item_631
694.10
31
31.5
2
author_2
181
2
3
1
27.1
31
-315.5
add
Item_632
695.20
32
32.5
3
author_3
182
3
1
2
27.2
32
-316.0
add
Item_633
696.30
33
33.5
1
author_4
183
1
2
3
27.3
33
-316.5
add
Item_634
697.40
34
34.5
2
author_5
184
2
3
1
27.4
34
-317.0
add
Item_635
698.50
35
35.5
3
author_6
185
3
1
2
27.5
35
-317.5
add
Item_636
699.60
36
36.5
1
author_7
186
1
2
3
27.6
36
-318.0
add
Item_637
700.70
37
37.5
2
author_8
187
2
3
1
27.7
37
-318.5
add
Item_638
701.80
38
38.5
3
author_9
188
3
1
2
27.8
38
-319.0
add
Item_639
702.90
39
39.5
1
author_10
189
1
2
3
27.9
39
-319.5
add
Item_640
704.00
40
40.5
2
author_11
190
2
3
1
28.0
40
-320.0
add
Item_641
705.10
41
41.5
3
author_12
191
3
1
2
28.1
41
-320.5
add
Item_642
706.20
42
42.5
1
author_13
192
1
2
3
28.2
42
-321.0
add
Item_643
707.30
43
43.5
2
author_14
193
2
3
1
28.3
43
-321.5
add
Item_644
708.40
44
44.5
3
author_15
194
3
1
2
28.4
44
-322.0
add
Item_645
709.50
45
45.5
1
author_16
195
1
2
3
28.5
45
-322.5
add
Item_646
710.60
46
46.5
2
author_17
196
2
3
1
28.6
46
-323.0
add
Item_647
711.70
47
47.5
3
author_18
197
3
1
2
28.7
47
-323.5
add
Item_648
712.80
48
48.5
1
author_19
198
1
2
3
28.8
48
-324.0
add
Item_649
713.90
49
49.5
2
author_20
199
2
3
1
28.9
49
-324.5
add
Math_650
715.00
50
50.5
3
nn
150
3
1
2
29.0
50
-325.0
add
Item_651
716.10
51
51.5
1
author_22
151
1
2
3
29.1
51
-325.5
add
Item_652
717.20
52
52.5
2
author_23
152
2
3
1
29.2
52
-326.0
add
Item_653
718.30
53
53.5
3
author_24
153
3
1
2
29.3
53
-326.5
add
Item_654
719.40
54
54.5
1
author_25
154
1
2
3
29.4
54
-327.0
add
Item_655
720.50
55
55.5
2
author_26
155
2
3
1
29.5
55
-327.5
add
Item_656
721.60
56
56.5
3
author_27
156
3
1
2
29.6
56
-328.0
add
Item_657
722.70
57
57.5
1
author_28
157
1
2
3
29.7
57
-328.5
add
Item_658
723.80
58
58.5
2
author_29
158
2
3
1
29.8
58
-329.0
add
Item_659
724.90
59
59.5
3
author_30
159
3
1
2
29.9
59
-329.5
add
Item_660
726.00
60
60.5
1
author_1
160
1
2
3
30.0
60
-330.0
add
Item_661
727.10
61
61.5
2
author_2
161
2
3
1
30.1
61
-330.5
add
Item_662
728.20
62
62.5
3
author_3
162
3
1
2
30.2
62
-331.0
add
Item_663
729.30
63
63.5
1
author_4
163
1
2
3
30.3
63
-331.5
add
Item_664
730.40
64
64.5
2
author_5
164
2
3
1
30.4
64
-332.0
add
Item_665
731.50
65
65.5
3
author_6
165
3
1
2
30.5
65
-332.5
add
Item_666
732.60
66
66.5
1
author_7
166
1
2
3
30.6
66
-333.0
add
Item_667
733.70
67
67.5
2
author_8
167
2
3
1
30.7
67
-333.5
add
Item_668
734.80
68
68.5
3
author_9
168
3
1
2
30.8
68
-334.0
add
Item_669
735.90
69
69.5
1
author_10
169
1
2
3
30.9
69
-334.5
add
Item_670
737.00
70
70.5
2
author_11
170
2
3
1
31.0
70
-335.0
add
Item_671
738.10
71
71.5
3
author_12
171
3
1
2
31.1
71
-335.5
add
Item_672
739.20
72
72.5
1
author_13
172
1
2
3
31.2
72
-336.0
add
Item_673
740.30
73
73.5
2
author_14
173
2
3
1
31.3
73
-336.5
add
Item_674
741.40
74
74.5
3
author_15
174
3
1
2
31.4
74
-337.0
add
Item_675
742.50
75
75.5
1
author_16
175
1
2
3
31.5
75
-337.5
add
Item_676
743.60
76
76.5
2
author_17
176
2
3
1
31.6
76
-338.0
add
Item_677
744.70
77
77.5
3
author_18
177
3
1
2
31.7
77
-338.5
add
Item_678
745.80
78
78.5
1
author_19
178
1
2
3
31.8
78
-339.0
add
Item_679
746.90
79
79.5
2
author_20
179
2
3
1
31.9
79
-339.5
add
Item_680
748.00
80
80.5
3
author_21
180
3
1
2
32.0
80
-340.0
add
Item_681
749.10
81
81.5
1
author_22
181
1
2
3
32.1
81
-340.5
add
Item_682
750.20
82
82.5
2
author_23
182
2
3
1
32.2
82
-341.0
add
Item_683
751.30
83
83.5
3
author_24
183
3
1
2
32.3
83
-341.5
add
Item_684
752.40
84
84.5
1
author_25
184
1
2
3
32.4
84
-342.0
add
Item_685
753.50
85
85.5
2
author_26
185
2
3
1
32.5
85
-342.5
add
Item_686
754.60
86
86.5
3
author_27
186
3
1
2
32.6
86
-343.0
add
Item_687
755.70
87
87.5
1
author_28
187
1
2
3
32.7
87
-343.5
add
Item_688
756.80
88
88.5
2
author_29
188
2
3
1
32.8
88
-344.0
add
Item_689
757.90
89
89.5
3
author_30
189
3
1
2
32.9
89
-344.5
add
Item_690
759.00
90
90.5
1
author_1
190
1
2
3
33.0
90
-345.0
add
Item_691
760.10
91
91.5
2
author_2
191
2
3
1
33.1
91
-345.5
add
Item_692
761.20
92
92.5
3
author_3
192
3
1
2
33.2
92
-346.0
add
Item_693
762.30
93
93.5
1
author_4
193
1
2
3
33.3
93
-346.5
add
Item_694
763.40
94
94.5
2
author_5
194
2
3
1
33.4
94
-347.0
add
Item_695
764.50
95
95.5
3
author_6
195
3
1
2
33.5
95
-347.5
add
Item_696
765.60
96
96.5
1
author_7
196
1
2
3
33.6
96
-348.0
add
Item_697
766.70
97
97.5
2
author_8
197
2
3
1
33.7
97
-348.5
add
Item_698
767.80
98
98.5
3
author_9
198
3
1
2
33.8
98
-349.0
add
Item_699
768.90
99
99.5
1
author_10
199
1
2
3
33.9
99
-349.5
add
Math_700
770.00
0
0.5
2
nn
150
2
3
1
34.0
0
-350.0
add
Item_701
771.10
1
1.5
3
author_12
151
3
1
2
34.1
1
-350.5
add
Item_702
772.20
2
2.5
1
author_13
152
1
2
3
34.2
2
-351.0
add
Item_703
773.30
3
3.5
2
author_14
153
2
3
1
34.3
3
-351.5
add
Item_704
774.40
4
4.5
3
author_15
154
3
1
2
34.4
4
-352.0
add
Item_705
775.50
5
5.5
1
author_16
155
1
2
3
34.5
5
-352.5
add
Item_706
776.60
6
6.5
2
author_17
156
2
3
1
34.6
6
-353.0
add
Item_707
777.70
7
7.5
3
author_18
157
3
1
2
34.7
7
-353.5
add
Item_708
778.80
8
8.5
1
author_19
158
1
2
3
34.8
8
-354.0
add
Item_709
779.90
9
9.5
2
author_20
159
2
3
1
34.9
9
-354.5
add
Item_710
781.00
10
10.5
3
author_21
160
3
1
2
35.0
10
-355.0
add
Item_711
782.10
11
11.5
1
author_22
161
1
2
3
35.1
11
-355.5
add
Item_712
783.20
12
12.5
2
author_23
162
2
3
1
35.2
12
-356.0
add
Item_713
784.30
13
13.5
3
author_24
163
3
1
2
35.3
13
-356.5
add
Item_714
785.40
14
14.5
1
author_25
164
1
2
3
35.4
14
-357.0
add
Item_715
786.50
15
15.5
2
author_26
165
2
3
1
35.5
15
-357.5
add
Item_716
787.60
16
16.5
3
author_27
166
3
1
2
35.6
16
-358.0
add
Item_717
788.70
17
17.5
1
author_28
167
1
2
3
35.7
17
-358.5
add
Item_718
789.80
18
18.5
2
author_29
168
2
3
1
35.8
18
-359.0
add
Item_719
790.90
19
19.5
3
author_30
169
3
1
2
35.9
19
-359.5
add
Item_720
792.00
20
20.5
1
author_1
170
1
2
3
0.0
20
-360.0
add
Item_721
793.10
21
21.5
2
author_2
171
2
3
1
0.1
21
-360.5
add
Item_722
794.20
22
22.5
3
author_3
172
3
1
2
0.2
22
-361.0
add
Item_723
795.30
23
23.5
1
author_4
173
1
2
3
0.3
23
-361.5
add
Item_724
796.40
24
24.5
2
author_5
174
2
3
1
0.4
24
-362.0
add
Item_725
797.50
25
25.5
3
author_6
175
3
1
2
0.5
25
-362.5
add
Item_726
798.60
26
26.5
1
author_7
176
1
2
3
0.6
26
-363.0
add
Item_727
799.70
27
27.5
2
author_8
177
2
3
1
0.7
27
-363.5
add
Item_728
800.80
28
28.5
3
author_9
178
3
1
2
0.8
28
-364.0
add
Item_729
801.90
29
29.5
1
author_10
179
1
2
3
0.9
29
-364.5
add
Item_730
803.00
30
30.5
2
author_11
180
2
3
1
1.0
30
-365.0
add
Item_731
804.10
31
31.5
3
author_12
181
3
1
2
1.1
31
-365.5
add
Item_732
805.20
32
32.5
1
author_13
182
1
2
3
1.2
32
-366.0
add
Item_733
806.30
33
33.5
2
author_14
183
2
3
1
1.3
33
-366.5
add
Item_734
807.40
34
34.5
3
author_15
184
3
1
2
1.4
34
-367.0
add
Item_735
808.50
35
35.5
1
author_16
185
1
2
3
1.5
35
-367.5
add
Item_736
809.60
36
36.5
2
author_17
186
2
3
1
1.6
36
-368.0
add
Item_737
810.70
37
37.5
3
author_18
187
3
1
2
1.7
37
-368.5
add
Item_738
811.80
38
38.5
1
author_19
188
1
2
3
1.8
38
-369.0
add
Item_739
812.90
39
39.5
2
author_20
189
2
3
1
1.9
39
-369.5
add
Item_740
814.00
40
40.5
3
author_21
190
3
1
2
2.0
40
-370.0
add
Item_741
815.10
41
41.5
1
author_22
191
1
2
3
2.1
41
-370.5
add
Item_742
816.20
42
42.5
2
author_23
192
2
3
1
2.2
42
-371.0
add
Item_743
817.30
43
43.5
3
author_24
193
3
1
2
2.3
43
-371.5
add
Item_744
818.40
44
44.5
1
author_25
194
1
2
3
2.4
44
-372.0
add
Item_745
819.50
45
45.5
2
author_26
195
2
3
1
2.5
45
-372.5
add
Item_746
820.60
46
46.5
3
author_27
196
3
1
2
2.6
46
-373.0
add
Item_747
821.70
47
47.5
1
author_28
197
1
2
3
2.7
47
-373.5
add
Item_748
822.80
48
48.5
2
author_29
198
2
3
1
2.8
48
-374.0
add
Item_749
823.90
49
49.5
3
author_30
199
3
1
2
2.9
49
-374.5
add
Math_750
825.00
50
50.5
1
nn
150
1
2
3
3.0
50
-375.0
add
Item_751
826.10
51
51.5
2
author_2
151
2
3
1
3.1
51
-375.5
add
Item_752
827.20
52
52.5
3
author_3
152
3
1
2
3.2
52
-376.0
add
Item_753
828.30
53
53.5
1
author_4
153
1
2
3
3.3
53
-376.5
add
Item_754
829.40
54
54.5
2
author_5
154
2
3
1
3.4
54
-377.0
add
Item_755
830.50
55
55.5
3
author_6
155
3
1
2
3.5
55
-377.5
add
Item_756
831.60
56
56.5
1
author_7
156
1
2
3
3.6
56
-378.0
add
Item_757
832.70
57
57.5
2
author_8
157
2
3
1
3.7
57
-378.5
add
Item_758
833.80
58
58.5
3
author_9
158
3
1
2
3.8
58
-379.0
add
Item_759
834.90
59
59.5
1
author_10
159
1
2
3
3.9
59
-379.5
add
Item_760
836.00
60
60.5
2
author_11
160
2
3
1
4.0
60
-380.0
add
Item_761
837.10
61
61.5
3
author_12
161
3
1
2
4.1
61
-380.5
add
Item_762
838.20
62
62.5
1
author_13
162
1
2
3
4.2
62
-381.0
add
Item_763
839.30
63
63.5
2
author_14
163
2
3
1
4.3
63
-381.5
add
Item_764
840.40
64
64.5
3
author_15
164
3
1
2
4.4
64
-382.0
add
Item_765
841.50
65
65.5
1
author_16
165
1
2
3
4.5
65
-382.5
add
Item_766
842.60
66
66.5
2
author_17
166
2
3
1
4.6
66
-383.0
add
Item_767
843.70
67
67.5
3
author_18
167
3
1
2
4.7
67
-383.5
add
Item_768
844.80
68
68.5
1
author_19
168
1
2
3
4.8
68
-384.0
add
Item_769
845.90
69
69.5
2
author_20
169
2
3
1
4.9
69
-384.5
add
Item_770
847.00
70
70.5
3
author_21
170
3
1
2
5.0
70
-385.0
add
Item_771
848.10
71
71.5
1
author_22
171
1
2
3
5.1
71
-385.5
add
Item_772
849.20
72
72.5
2
author_23
172
2
3
1
5.2
72
-386.0
add
Item_773
850.30
73
73.5
3
author_24
173
3
1
2
5.3
73
-386.5
add
Item_774
851.40
74
74.5
1
author_25
174
1
2
3
5.4
74
-387.0
add
Item_775
852.50
75
75.5
2
author_26
175
2
3
1
5.5
75
-387.5
add
Item_776
853.60
76
76.5
3
author_27
176
3
1
2
5.6
76
-388.0
add
Item_777
854.70
77
77.5
1
author_28
177
1
2
3
5.7
77
-388.5
add
Item_778
855.80
78
78.5
2
author_29
178
2
3
1
5.8
78
-389.0
add
Item_779
856.90
79
79.5
3
author_30
179
3
1
2
5.9
79
-389.5
add
Item_780
858.00
80
80.5
1
author_1
180
1
2
3
6.0
80
-390.0
add
Item_781
859.10
81
81.5
2
author_2
181
2
3
1
6.1
81
-390.5
add
Item_782
860.20
82
82.5
3
author_3
182
3
1
2
6.2
82
-391.0
add
Item_783
861.30
83
83.5
1
author_4
183
1
2
3
6.3
83
-391.5
add
Item_784
862.40
84
84.5
2
author_5
184
2
3
1
6.4
84
-392.0
add
Item_785
863.50
85
85.5
3
author_6
185
3
1
2
6.5
85
-392.5
add
Item_786
864.60
86
86.5
1
author_7
186
1
2
3
6.6
86
-393.0
add
Item_787
865.70
87
87.5
2
author_8
187
2
3
1
6.7
87
-393.5
add
Item_788
866.80
88
88.5
3
author_9
188
3
1
2
6.8
88
-394.0
add
Item_789
867.90
89
89.5
1
author_10
189
1
2
3
6.9
89
-394.5
add
Item_790
869.00
90
90.5
2
author_11
190
2
3
1
7.0
90
-395.0
add
Item_791
870.10
91
91.5
3
author_12
191
3
1
2
7.1
91
-395.5
add
Item_792
871.20
92
92.5
1
author_13
192
1
2
3
7.2
92
-396.0
add
Item_793
872.30
93
93.5
2
author_14
193
2
3
1
7.3
93
-396.5
add
Item_794
873.40
94
94.5
3
author_15
194
3
1
2
7.4
94
-397.0
add
Item_795
874.50
95
95.5
1
author_16
195
1
2
3
7.5
95
-397.5
add
Item_796
875.60
96
96.5
2
author_17
196
2
3
1
7.6
96
-398.0
add
Item_797
876.70
97
97.5
3
author_18
197
3
1
2
7.7
97
-398.5
add
Item_798
877.80
98
98.5
1
author_19
198
1
2
3
7.8
98
-399.0
add
Item_799
878.90
99
99.5
2
author_20
199
2
3
1
7.9
99
-399.5
add
Math_800
880.00
0
0.5
3
nn
150
3
1
2
8.0
0
-400.0
add
Item_801
881.10
1
1.5
1
author_22
151
1
2
3
8.1
1
-400.5
add
Item_802
882.20
2
2.5
2
author_23
152
2
3
1
8.2
2
-401.0
add
Item_803
883.30
3
3.5
3
author_24
153
3
1
2
8.3
3
-401.5
add
Item_804
884.40
4
4.5
1
author_25
154
1
2
3
8.4
4
-402.0
add
Item_805
885.50
5
5.5
2
author_26
155
2
3
1
8.5
5
-402.5
add
Item_806
886.60
6
6.5
3
author_27
156
3
1
2
8.6
6
-403.0
add
Item_807
887.70
7
7.5
1
author_28
157
1
2
3
8.7
7
-403.5
add
Item_808
888.80
8
8.5
2
author_29
158
2
3
1
8.8
8
-404.0
add
Item_809
889.90
9
9.5
3
author_30
159
3
1
2
8.9
9
-404.5
add
Item_810
891.00
10
10.5
1
author_1
160
1
2
3
9.0
10
-405.0
add
Item_811
892.10
11
11.5
2
author_2
161
2
3
1
9.1
11
-405.5
add
Item_812
893.20
12
12.5
3
author_3
162
3
1
2
9.2
12
-406.0
add
Item_813
894.30
13
13.5
1
author_4
163
1
2
3
9.3
13
-406.5
add
Item_814
895.40
14
14.5
2
author_5
164
2
3
1
9.4
14
-407.0
add
Item_815
896.50
15
15.5
3
author_6
165
3
1
2
9.5
15
-407.5
add
Item_816
897.60
16
16.5
1
author_7
166
1
2
3
9.6
16
-408.0
add
Item_817
898.70
17
17.5
2
author_8
167
2
3
1
9.7
17
-408.5
add
Item_818
899.80
18
18.5
3
author_9
168
3
1
2
9.8
18
-409.0
add
Item_819
900.90
19
19.5
1
author_10
169
1
2
3
9.9
19
-409.5
add
Item_820
902.00
20
20.5
2
author_11
170
2
3
1
10.0
20
-410.0
add
Item_821
903.10
21
21.5
3
author_12
171
3
1
2
10.1
21
-410.5
add
Item_822
904.20
22
22.5
1
author_13
172
1
2
3
10.2
22
-411.0
add
Item_823
905.30
23
23.5
2
author_14
173
2
3
1
10.3
23
-411.5
add
Item_824
906.40
24
24.5
3
author_15
174
3
1
2
10.4
24
-412.0
add
Item_825
907.50
25
25.5
1
author_16
175
1
2
3
10.5
25
-412.5
add
Item_826
908.60
26
26.5
2
author_17
176
2
3
1
10.6
26
-413.0
add
Item_827
909.70
27
27.5
3
author_18
177
3
1
2
10.7
27
-413.5
add
Item_828
910.80
28
28.5
1
author_19
178
1
2
3
10.8
28
-414.0
add
Item_829
911.90
29
29.5
2
author_20
179
2
3
1
10.9
29
-414.5
add
Item_830
913.00
30
30.5
3
author_21
180
3
1
2
11.0
30
-415.0
add
Item_831
914.10
31
31.5
1
author_22
181
1
2
3
11.1
31
-415.5
add
Item_832
915.20
32
32.5
2
author_23
182
2
3
1
11.2
32
-416.0
add
Item_833
916.30
33
33.5
3
author_24
183
3
1
2
11.3
33
-416.5
add
Item_834
917.40
34
34.5
1
author_25
184
1
2
3
11.4
34
-417.0
add
Item_835
918.50
35
35.5
2
author_26
185
2
3
1
11.5
35
-417.5
add
Item_836
919.60
36
36.5
3
author_27
186
3
1
2
11.6
36
-418.0
add
Item_837
920.70
37
37.5
1
author_28
187
1
2
3
11.7
37
-418.5
add
Item_838
921.80
38
38.5
2
author_29
188
2
3
1
11.8
38
-419.0
add
Item_839
922.90
39
39.5
3
author_30
189
3
1
2
11.9
39
-419.5
add
Item_840
924.00
40
40.5
1
author_1
190
1
2
3
12.0
40
-420.0
add
Item_841
925.10
41
41.5
2
author_2
191
2
3
1
12.1
41
-420.5
add
Item_842
926.20
42
42.5
3
author_3
192
3
1
2
12.2
42
-421.0
add
Item_843
927.30
43
43.5
1
author_4
193
1
2
3
12.3
43
-421.5
add
Item_844
928.40
44
44.5
2
author_5
194
2
3
1
12.4
44
-422.0
add
Item_845
929.50
45
45.5
3
author_6
195
3
1
2
12.5
45
-422.5
add
Item_846
930.60
46
46.5
1
author_7
196
1
2
3
12.6
46
-423.0
add
Item_847
931.70
47
47.5
2
author_8
197
2
3
1
12.7
47
-423.5
add
Item_848
932.80
48
48.5
3
author_9
198
3
1
2
12.8
48
-424.0
add
Item_849
933.90
49
49.5
1
author_10
199
1
2
3
12.9
49
-424.5
add
Math_850
935.00
50
50.5
2
nn
150
2
3
1
13.0
50
-425.0
add
Item_851
936.10
51
51.5
3
author_12
151
3
1
2
13.1
51
-425.5
add
Item_852
937.20
52
52.5
1
author_13
152
1
2
3
13.2
52
-426.0
add
Item_853
938.30
53
53.5
2
author_14
153
2
3
1
13.3
53
-426.5
add
Item_854
939.40
54
54.5
3
author_15
154
3
1
2
13.4
54
-427.0
add
Item_855
940.50
55
55.5
1
author_16
155
1
2
3
13.5
55
-427.5
add
Item_856
941.60
56
56.5
2
author_17
156
2
3
1
13.6
56
-428.0
add
Item_857
942.70
57
57.5
3
author_18
157
3
1
2
13.7
57
-428.5
add
Item_858
943.80
58
58.5
1
author_19
158
1
2
3
13.8
58
-429.0
add
Item_859
944.90
59
59.5
2
author_20
159
2
3
1
13.9
59
-429.5
add
Item_860
946.00
60
60.5
3
author_21
160
3
1
2
14.0
60
-430.0
add
Item_861
947.10
61
61.5
1
author_22
161
1
2
3
14.1
61
-430.5
add
Item_862
948.20
62
62.5
2
author_23
162
2
3
1
14.2
62
-431.0
add
Item_863
949.30
63
63.5
3
author_24
163
3
1
2
14.3
63
-431.5
add
Item_864
950.40
64
64.5
1
author_25
164
1
2
3
14.4
64
-432.0
add
Item_865
951.50
65
65.5
2
author_26
165
2
3
1
14.5
65
-432.5
add
Item_866
952.60
66
66.5
3
author_27
166
3
1
2
14.6
66
-433.0
add
Item_867
953.70
67
67.5
1
author_28
167
1
2
3
14.7
67
-433.5
add
Item_868
954.80
68
68.5
2
author_29
168
2
3
1
14.8
68
-434.0
add
Item_869
955.90
69
69.5
3
author_30
169
3
1
2
14.9
69
-434.5
add
Item_870
957.00
70
70.5
1
author_1
170
1
2
3
15.0
70
-435.0
add
Item_871
958.10
71
71.5
2
author_2
171
2
3
1
15.1
71
-435.5
add
Item_872
959.20
72
72.5
3
author_3
172
3
1
2
15.2
72
-436.0
add
Item_873
960.30
73
73.5
1
author_4
173
1
2
3
15.3
73
-436.5
add
Item_874
961.40
74
74.5
2
author_5
174
2
3
1
15.4
74
-437.0
add
Item_875
962.50
75
75.5
3
author_6
175
3
1
2
15.5
75
-437.5
add
Item_876
963.60
76
76.5
1
author_7
176
1
2
3
15.6
76
-438.0
add
Item_877
964.70
77
77.5
2
author_8
177
2
3
1
15.7
77
-438.5
add
Item_878
965.80
78
78.5
3
author_9
178
3
1
2
15.8
78
-439.0
add
Item_879
966.90
79
79.5
1
author_10
179
1
2
3
15.9
79
-439.5
add
Item_880
968.00
80
80.5
2
author_11
180
2
3
1
16.0
80
-440.0
add
Item_881
969.10
81
81.5
3
author_12
181
3
1
2
16.1
81
-440.5
add
Item_882
970.20
82
82.5
1
author_13
182
1
2
3
16.2
82
-441.0
add
Item_883
971.30
83
83.5
2
author_14
183
2
3
1
16.3
83
-441.5
add
Item_884
972.40
84
84.5
3
author_15
184
3
1
2
16.4
84
-442.0
add
Item_885
973.50
85
85.5
1
author_16
185
1
2
3
16.5
85
-442.5
add
Item_886
974.60
86
86.5
2
author_17
186
2
3
1
16.6
86
-443.0
add
Item_887
975.70
87
87.5
3
author_18
187
3
1
2
16.7
87
-443.5
add
Item_888
976.80
88
88.5
1
author_19
188
1
2
3
16.8
88
-444.0
add
Item_889
977.90
89
89.5
2
author_20
189
2
3
1
16.9
89
-444.5
add
Item_890
979.00
90
90.5
3
author_21
190
3
1
2
17.0
90
-445.0
add
Item_891
980.10
91
91.5
1
author_22
191
1
2
3
17.1
91
-445.5
add
Item_892
981.20
92
92.5
2
author_23
192
2
3
1
17.2
92
-446.0
add
Item_893
982.30
93
93.5
3
author_24
193
3
1
2
17.3
93
-446.5
add
Item_894
983.40
94
94.5
1
author_25
194
1
2
3
17.4
94
-447.0
add
Item_895
984.50
95
95.5
2
author_26
195
2
3
1
17.5
95
-447.5
add
Item_896
985.60
96
96.5
3
author_27
196
3
1
2
17.6
96
-448.0
add
Item_897
986.70
97
97.5
1
author_28
197
1
2
3
17.7
97
-448.5
add
Item_898
987.80
98
98.5
2
author_29
198
2
3
1
17.8
98
-449.0
add
Item_899
988.90
99
99.5
3
author_30
199
3
1
2
17.9
99
-449.5
add
Math_900
990.00
0
0.5
1
nn
150
1
2
3
18.0
0
-450.0
add
Item_901
991.10
1
1.5
2
author_2
151
2
3
1
18.1
1
-450.5
add
Item_902
992.20
2
2.5
3
author_3
152
3
1
2
18.2
2
-451.0
add
Item_903
993.30
3
3.5
1
author_4
153
1
2
3
18.3
3
-451.5
add
Item_904
994.40
4
4.5
2
author_5
154
2
3
1
18.4
4
-452.0
add
Item_905
995.50
5
5.5
3
author_6
155
3
1
2
18.5
5
-452.5
add
Item_906
996.60
6
6.5
1
author_7
156
1
2
3
18.6
6
-453.0
add
Item_907
997.70
7
7.5
2
author_8
157
2
3
1
18.7
7
-453.5
add
Item_908
998.80
8
8.5
3
author_9
158
3
1
2
18.8
8
-454.0
add
Item_909
999.90
9
9.5
1
author_10
159
1
2
3
18.9
9
-454.5
add
Item_910
1001.00
10
10.5
2
author_11
160
2
3
1
19.0
10
-455.0
add
Item_911
1002.10
11
11.5
3
author_12
161
3
1
2
19.1
11
-455.5
add
Item_912
1003.20
12
12.5
1
author_13
162
1
2
3
19.2
12
-456.0
add
Item_913
1004.30
13
13.5
2
author_14
163
2
3
1
19.3
13
-456.5
add
Item_914
1005.40
14
14.5
3
author_15
164
3
1
2
19.4
14
-457.0
add
Item_915
1006.50
15
15.5
1
author_16
165
1
2
3
19.5
15
-457.5
add
Item_916
1007.60
16
16.5
2
author_17
166
2
3
1
19.6
16
-458.0
add
Item_917
1008.70
17
17.5
3
author_18
167
3
1
2
19.7
17
-458.5
add
Item_918
1009.80
18
18.5
1
author_19
168
1
2
3
19.8
18
-459.0
add
Item_919
1010.90
19
19.5
2
author_20
169
2
3
1
19.9
19
-459.5
add
Item_920
1012.00
20
20.5
3
author_21
170
3
1
2
20.0
20
-460.0
add
Item_921
1013.10
21
21.5
1
author_22
171
1
2
3
20.1
21
-460.5
add
Item_922
1014.20
22
22.5
2
author_23
172
2
3
1
20.2
22
-461.0
add
Item_923
1015.30
23
23.5
3
author_24
173
3
1
2
20.3
23
-461.5
add
Item_924
1016.40
24
24.5
1
author_25
174
1
2
3
20.4
24
-462.0
add
Item_925
1017.50
25
25.5
2
author_26
175
2
3
1
20.5
25
-462.5
add
Item_926
1018.60
26
26.5
3
author_27
176
3
1
2
20.6
26
-463.0
add
Item_927
1019.70
27
27.5
1
author_28
177
1
2
3
20.7
27
-463.5
add
Item_928
1020.80
28
28.5
2
author_29
178
2
3
1
20.8
28
-464.0
add
Item_929
1021.90
29
29.5
3
author_30
179
3
1
2
20.9
29
-464.5
add
Item_930
1023.00
30
30.5
1
author_1
180
1
2
3
21.0
30
-465.0
add
Item_931
1024.10
31
31.5
2
author_2
181
2
3
1
21.1
31
-465.5
add
Item_932
1025.20
32
32.5
3
author_3
182
3
1
2
21.2
32
-466.0
add
Item_933
1026.30
33
33.5
1
author_4
183
1
2
3
21.3
33
-466.5
add
Item_934
1027.40
34
34.5
2
author_5
184
2
3
1
21.4
34
-467.0
add
Item_935
1028.50
35
35.5
3
author_6
185
3
1
2
21.5
35
-467.5
add
Item_936
1029.60
36
36.5
1
author_7
186
1
2
3
21.6
36
-468.0
add
Item_937
1030.70
37
37.5
2
author_8
187
2
3
1
21.7
37
-468.5
add
Item_938
1031.80
38
38.5
3
author_9
188
3
1
2
21.8
38
-469.0
add
Item_939
1032.90
39
39.5
1
author_10
189
1
2
3
21.9
39
-469.5
add
Item_940
1034.00
40
40.5
2
author_11
190
2
3
1
22.0
40
-470.0
add
Item_941
1035.10
41
41.5
3
author_12
191
3
1
2
22.1
41
-470.5
add
Item_942
1036.20
42
42.5
1
author_13
192
1
2
3
22.2
42
-471.0
add
Item_943
1037.30
43
43.5
2
author_14
193
2
3
1
22.3
43
-471.5
add
Item_944
1038.40
44
44.5
3
author_15
194
3
1
2
22.4
44
-472.0
add
Item_945
1039.50
45
45.5
1
author_16
195
1
2
3
22.5
45
-472.5
add
Item_946
1040.60
46
46.5
2
author_17
196
2
3
1
22.6
46
-473.0
add
Item_947
1041.70
47
47.5
3
author_18
197
3
1
2
22.7
47
-473.5
add
Item_948
1042.80
48
48.5
1
author_19
198
1
2
3
22.8
48
-474.0
add
Item_949
1043.90
49
49.5
2
author_20
199
2
3
1
22.9
49
-474.5
add
Math_950
1045.00
50
50.5
3
nn
150
3
1
2
23.0
50
-475.0
add
Item_951
1046.10
51
51.5
1
author_22
151
1
2
3
23.1
51
-475.5
add
Item_952
1047.20
52
52.5
2
author_23
152
2
3
1
23.2
52
-476.0
add
Item_953
1048.30
53
53.5
3
author_24
153
3
1
2
23.3
53
-476.5
add
Item_954
1049.40
54
54.5
1
author_25
154
1
2
3
23.4
54
-477.0
add
Item_955
1050.50
55
55.5
2
author_26
155
2
3
1
23.5
55
-477.5
add
Item_956
1051.60
56
56.5
3
author_27
156
3
1
2
23.6
56
-478.0
add
Item_957
1052.70
57
57.5
1
author_28
157
1
2
3
23.7
57
-478.5
add
Item_958
1053.80
58
58.5
2
author_29
158
2
3
1
23.8
58
-479.0
add
Item_959
1054.90
59
59.5
3
author_30
159
3
1
2
23.9
59
-479.5
add
Item_960
1056.00
60
60.5
1
author_1
160
1
2
3
24.0
60
-480.0
add
Item_961
1057.10
61
61.5
2
author_2
161
2
3
1
24.1
61
-480.5
add
Item_962
1058.20
62
62.5
3
author_3
162
3
1
2
24.2
62
-481.0
add
Item_963
1059.30
63
63.5
1
author_4
163
1
2
3
24.3
63
-481.5
add
Item_964
1060.40
64
64.5
2
author_5
164
2
3
1
24.4
64
-482.0
add
Item_965
1061.50
65
65.5
3
author_6
165
3
1
2
24.5
65
-482.5
add
Item_966
1062.60
66
66.5
1
author_7
166
1
2
3
24.6
66
-483.0
add
Item_967
1063.70
67
67.5
2
author_8
167
2
3
1
24.7
67
-483.5
add
Item_968
1064.80
68
68.5
3
author_9
168
3
1
2
24.8
68
-484.0
add
Item_969
1065.90
69
69.5
1
author_10
169
1
2
3
24.9
69
-484.5
add
Item_970
1067.00
70
70.5
2
author_11
170
2
3
1
25.0
70
-485.0
add
Item_971
1068.10
71
71.5
3
author_12
171
3
1
2
25.1
71
-485.5
add
Item_972
1069.20
72
72.5
1
author_13
172
1
2
3
25.2
72
-486.0
add
Item_973
1070.30
73
73.5
2
author_14
173
2
3
1
25.3
73
-486.5
add
Item_974
1071.40
74
74.5
3
author_15
174
3
1
2
25.4
74
-487.0
add
Item_975
1072.50
75
75.5
1
author_16
175
1
2
3
25.5
75
-487.5
add
Item_976
1073.60
76
76.5
2
author_17
176
2
3
1
25.6
76
-488.0
add
Item_977
1074.70
77
77.5
3
author_18
177
3
1
2
25.7
77
-488.5
add
Item_978
1075.80
78
78.5
1
author_19
178
1
2
3
25.8
78
-489.0
add
Item_979
1076.90
79
79.5
2
author_20
179
2
3
1
25.9
79
-489.5
add
Item_980
1078.00
80
80.5
3
author_21
180
3
1
2
26.0
80
-490.0
add
Item_981
1079.10
81
81.5
1
author_22
181
1
2
3
26.1
81
-490.5
add
Item_982
1080.20
82
82.5
2
author_23
182
2
3
1
26.2
82
-491.0
add
Item_983
1081.30
83
83.5
3
author_24
183
3
1
2
26.3
83
-491.5
add
Item_984
1082.40
84
84.5
1
author_25
184
1
2
3
26.4
84
-492.0
add
Item_985
1083.50
85
85.5
2
author_26
185
2
3
1
26.5
85
-492.5
add
Item_986
1084.60
86
86.5
3
author_27
186
3
1
2
26.6
86
-493.0
add
Item_987
1085.70
87
87.5
1
author_28
187
1
2
3
26.7
87
-493.5
add
Item_988
1086.80
88
88.5
2
author_29
188
2
3
1
26.8
88
-494.0
add
Item_989
1087.90
89
89.5
3
author_30
189
3
1
2
26.9
89
-494.5
add
Item_990
1089.00
90
90.5
1
author_1
190
1
2
3
27.0
90
-495.0
add
Item_991
1090.10
91
91.5
2
author_2
191
2
3
1
27.1
91
-495.5
add
Item_992
1091.20
92
92.5
3
author_3
192
3
1
2
27.2
92
-496.0
add
Item_993
1092.30
93
93.5
1
author_4
193
1
2
3
27.3
93
-496.5
add
Item_994
1093.40
94
94.5
2
author_5
194
2
3
1
27.4
94
-497.0
add
Item_995
1094.50
95
95.5
3
author_6
195
3
1
2
27.5
95
-497.5
add
Item_996
1095.60
96
96.5
1
author_7
196
1
2
3
27.6
96
-498.0
add
Item_997
1096.70
97
97.5
2
author_8
197
2
3
1
27.7
97
-498.5
add
Item_998
1097.80
98
98.5
3
author_9
198
3
1
2
27.8
98
-499.0
add
Item_999
1098.90
99
99.5
1
author_10
199
1
2
3
27.9
99
-499.5
add
Math_1000
1100.00
0
0.5
2
nn
150
2
3
1
28.0
0
0.0
update 1
Item_1_updated
1.10
1
10.5
2
author_1_updated
180
2
3
1
0.0
0
0.0
remove_greater
ZZZZZ
999999.9
9999
999.9
3
nobody
200
3
3
3
9999.9
99
9999.9
remove_lower

-999999.9
-9999
0.1
1
nobody
200
1
1
1
-9999.9
-99
-9999.9
remove_by_id 999999999
filter_starts_with_name Math
count_by_author nn
print_field_descending_author
show
info
execute_script script_tail.txt